-126.09200957000094,-32.910873738173734,35817.799333800154
24.966034435923003,-1.8048562675050315,35824.349466641426
70.76775608191473,0.3041085629833017,35753.263346708576
-84.21966796577028,-0.5377200941819809,35758.20592175956
-108.05511870270149,-0.4168547813839941,35724.80611093892
-179.54299683069377,-0.3225030677132268,35735.24576927127
-11.025689839815506,0.2739389793566087,35845.153798671854
54.13705197211424,0.726341255203605,35712.37289029851
100.15775047420536,0.6756776904772656,35807.644031299205
-58.81359213894606,0.5775592905571211,35759.603081089015
81.8657824902368,0.8250793262921797,36015.53167197022
54.60410735719726,2.6042305842509736,35855.25546592678
41.865550633038744,2.5943630293194393,36096.041780591506
57.88731222489642,3.1763518208316754,35780.047374351576
-161.614912437369,-1.8525009420303438,35759.06464330736
145.00917382601665,-2.192362418051921,35867.06009152654
54.62872128134681,3.5034913573835045,35768.067508298016
56.720136384107676,3.7475191833152754,35798.68596379443
-25.482455610257556,5.069313700738171,35781.440712633426
-11.294615706692,8.29612537249211,35927.02971623282
165.2881002162446,-7.752016396666777,35913.85256273629
150.83747786603203,-3.384267504399457,35919.52299660443
72.40368798004594,1.171435202977301,35485.489243366916
-109.9581672801111,-6.804960255764021,35843.25227677758
-126.04703264716966,-3.0826790397711203,35805.705405134686
-136.17965704868885,-10.535601655665856,35940.83560644401
73.14388969424174,1.5130925381327744,35935.0109321353
-171.68675965118229,-10.287738618441049,36105.01176033828
-88.39654509738898,-0.35240019034086784,35489.79108303738
-66.24218942328694,-1.5651498808765418,35878.68236102126
75.26148405239962,2.706784172669889,35756.26358307746
-101.0952501848499,-1.570287714067716,35808.51018722138
58.138715301019,10.020671159903214,35891.19596710991
153.73865411183255,-5.203691437460254,35909.45228188815
161.17507075256725,-6.34719164752869,35774.85129256865
-107.07717733061922,-4.953776267820742,35880.58446793253
58.17852328559583,7.737094586530111,36001.34113393118
84.17968868273533,7.595902893941375,35842.107479876264
-45.4564899378072,1.260023878743162,36112.80556857013
-37.02769647224544,5.192193572920539,35864.20993878236
93.63975217787082,6.366599146012271,35863.004837769004
-163.1612651084177,-6.661366634458133,35832.680032921264
41.27290875725544,8.112021696039042,35784.22734927317
136.20710917531832,-1.8262979858606643,35913.67494420257
64.28836951868894,3.5929279118220916,35849.94087226676
-114.73647700440334,-4.1061912753514225,35800.67064532012
85.14953218211087,1.3579624409123945,35648.09613663316
26.285864547905806,8.067628800639584,35809.71686799666
-15.078308214556682,7.183930548528531,35969.36775852846
-76.9980190164309,-2.5276996941806056,36146.58347999199
51.268843084128655,1.3464293911043854,35793.774733570084
54.41692521984759,2.4206964559006803,35828.23854046081
9.321500088242841,8.389049473467251,35990.833334848714
-140.72595588075416,-11.540993860084214,35912.57757084064
37.72046067729295,6.948332098881667,36003.601870762526
18.2715977675931,6.992907674598667,35719.454513603785
-115.30007281564076,-10.218339579451424,35858.175860985735
142.56273628585657,-2.982034318713138,35859.745853711735
-130.36432368765534,-6.213409532363999,35709.93501957426
-103.64577199978835,-3.483271707813489,36063.20442020025
76.11309544500544,5.424014560108664,35854.4886265826
93.15826963679837,1.0933028924867016,35843.06405352582
146.44420292781197,-2.972901454927167,35846.56382196546
-18.542781725100348,5.9012075597003175,36070.28259181509
-48.51167805227047,2.4755902145809525,35981.13574888901
113.23875661438686,0.7744028914373283,35998.0660762125
-131.1113912972712,-6.977928144841623,35753.81781353843
-124.56785672569491,-10.171067750556833,35825.45917859207
-103.61808769567297,-4.136906541628564,35632.56741344574
-80.8498610577903,-1.6856031216535836,35788.29237887362
136.4724409326502,-0.46361635457952793,35874.51829477416
-162.25752924392162,-11.010658163188445,36131.893553344096
-102.73075222805709,-10.030851099606553,35744.254850601465
35.37811615603708,6.721606313793737,35796.38690857826
-141.56725382024405,-9.2361669365996,35734.81358106541
93.8237493919571,6.371444952301894,36132.083621826365
-154.0891379709298,-10.656573496650049,36048.95961627641
105.39683238784383,6.586229899018909,36136.6664144845
114.70263048708863,-0.3384789667631839,36045.40901530575
-102.84894477214335,-4.636923650744207,35769.58424136899
9.314954788456047,9.916156351606427,35953.060923044985
-143.16638514053295,-8.934206543420691,35646.0710950262
-133.8845843904747,-8.570813855726886,35801.83396282729
74.20234196113012,7.702688300279274,36137.98644339619
-112.78811793970115,-7.097799654940784,35783.811965705914
-154.7477470524569,-11.599932601633132,35881.21709709834
-116.69736785442382,-7.368800149340625,35801.806549109904
125.90235452055492,-2.5886607919851183,35775.99035390999
89.33655810481568,1.1661806182231365,35649.15594748898
-75.58830267935791,-0.0521712048066335,35858.10798578696
-133.9601210305717,-9.32101983516321,35803.37702643768
120.45050707275965,0.9171868218920468,35698.218332135664
-116.18094191405076,-3.7862757704948087,35934.31175502989
-134.59252989757883,-9.127886410865003,35808.11771133108
51.040015544278006,3.444978784662211,36057.77054430107
35.462444590410215,11.65222546192272,35955.827480024236
48.52099125020928,9.208159788595733,35788.72736575749
-90.97512711082445,-10.000232248689159,35955.871831524055
-139.22218117028567,-9.952613309115131,35810.498554211306
-123.62492426837873,-11.64828331286454,35806.346386898804
125.22173632606479,-1.7121640550603172,35454.91637726485
-49.062073848289614,2.6703291021746094,35853.06113375348
20.740783575453406,11.129505476631138,35779.89122036131
7.578516186676963,10.001812699715767,35896.63602878527
-100.69906089260787,-6.627690041079478,35788.15105925471
-137.1842431310717,-10.22129925683005,35823.01342568755
-108.68790245946673,-9.607933840147268,35963.30319454454
-24.643261484682615,2.9090876482005457,35844.011511412085
-135.29936864522253,-10.255261441266965,35799.98466410923
-88.7924977491496,-12.452080012490475,35833.49312629933
144.53066170393112,0.8080123787474297,35893.22740472492
71.68457920880866,4.7994359388084495,35849.97251020409
-61.590097294495,-9.09568079310392,36118.75310531666
-14.67397291791705,7.7078522857523515,35913.48911637331
160.71878976137995,-1.1770385957288807,35917.66417913523
-65.27743858357857,-7.661191463846223,36120.10755718619
-81.59513899919682,-4.476707195343568,35770.44137727222
-130.7719586402147,-11.63869669414281,35819.40002851633
-158.70435101190824,-10.150276117297434,36024.37930501625
129.1372373103259,6.052248171942672,35835.7551806384
-96.35264348346786,-6.9302150269072955,35691.78941419059
54.513061230217005,10.386322970476973,35812.702083395176
121.1669749134715,0.7030677451000984,35710.414936578265
54.304150991402544,13.837028070926708,35765.686638954074
-124.05494766670269,-12.374231795236645,36082.69080854519
-153.8577186067764,-11.127443572437418,35919.36228674375
-133.53986219431692,-13.53306055194562,35908.879120132304
91.62243263531167,10.060346488966172,36058.6737999978
-118.71928124993738,-10.82598804584023,35805.47100870792
71.52562379779316,9.917659609049016,35779.12058258338
177.3926439428841,-4.511711594128576,35910.61420690168
31.178977492472534,12.047679177814167,35771.593781762065
81.79226900622845,13.700159890038258,36245.6883007853
151.28063013817118,-5.847640724395433,35746.43382555284
-138.59300607005295,-10.120612205318789,35695.875710306835
164.4019327346699,-1.8799283504511315,36160.21762914179
7.521178252637095,8.348046196038672,35799.24599687119
-120.76901772620803,-14.370081152967698,35843.4941418946
50.41369986515584,9.829847989076526,35795.481944399224
68.85900690127546,14.921295067904751,35903.83026590178
-165.88877314518956,-9.785715849563653,35723.9935858826
-85.81852756014085,-14.541997590459628,36064.15051048426
140.10562042280165,5.981580689469305,35796.53382418007
-108.38886387581685,-9.388622412526207,35774.35423122523
171.35611275283324,-4.697895581359457,35956.5638736573
-112.62992537492366,-10.756672286394672,35617.0445355449
17.23686403708152,10.736035334845816,36169.25700817736
-136.54373168919446,-11.853222946962685,35801.965536585434
-130.61371221735635,-12.648522981647345,35785.958599229765
-119.53132382438538,-11.401543293096353,35734.57335515213
177.72658301461146,-7.824630165275002,35766.548912129554
-126.10218176399945,-11.779551819521929,35770.350005292494
124.52229453808062,1.1331252797990703,35858.78905582785
-157.21941269172265,-11.475801214307788,35991.21009889456
-47.04142303128891,-9.134756190525767,35885.88873358603
-174.68326911979022,-9.457562819775251,35771.99541562613
111.133491450976,4.902798396769009,35801.07105921831
-153.56052376237912,-11.672676145294801,35941.46178264792
-83.44976817364368,-7.626536196764363,35885.94728996244
-50.8415724222321,-9.315688247909675,35943.70243475458
2.7500644217362895,4.264037281358755,35880.47280428363
-55.97166315712323,-11.502398335606571,35942.54806836448
157.21938469140545,-4.315178741249601,35774.90825145264
-112.35251123789291,-15.0102978471207,35552.40848025613
-112.58418464066092,-13.796617467699248,35745.00847107284
125.44132916260234,9.969702479902994,35995.06352640866
-11.16543286901216,6.695333319956134,35818.77799613381
-108.14165842400193,-11.577635406320292,36036.537308175524
113.58438711327591,13.141156628857011,35888.171404302426
53.1292251896459,13.334842034615171,35755.22463371903
144.06521207430282,-0.45091377130254573,35781.41706067227
56.5191619113309,14.353252040674047,35984.776936593895
125.51917239165122,7.178841758193906,35795.423111646654
130.2507069806333,9.279764990424562,35882.11539351584
-53.055368980270174,-8.136021282143346,35843.970409588226
47.769751684510624,12.376876544128068,35809.94080558615
-150.69598283256684,-11.238203581960365,35948.515879358354
77.23688870484814,14.83872229863145,35760.90558970647
-48.29277013415995,-8.444824798400035,36106.407496241845
23.682936812693953,8.791100971561173,36046.79504956707
-142.16584787868325,-12.292639299180891,35782.40222145387
92.57957913639493,9.021714777241787,35594.88805387157
-143.28146159784274,-12.191904785764816,35824.4749760072
122.3363001919816,12.20497367719615,35956.38283833928
115.93341591368602,10.591687689559997,35879.43389355891
-147.32693662278956,-9.551285946008035,35941.062755069186
-144.94791541442748,-10.327567899043936,35990.53127885955
-100.19018634836614,-11.945767169752799,35803.855755842465
152.32577617851933,0.22503622407598126,35997.73061404372
38.577482497757686,11.834354165421871,35896.65268991769
-93.09902675624572,-14.942195018622888,35972.125419803066
151.04676600597747,-2.579145558707531,35793.06763480031
-98.71702323677687,-11.179790422766185,35773.894364708176
-162.2849929372818,-10.537158850000408,35820.839436139046
29.797971823890933,11.330673637330232,35870.56729451581
-1.2132824274883105,8.188782112999052,35803.156965491056
-143.11342522075265,-11.131261085718158,35913.867144743715
-107.43245854420672,-3.880157635661071,35871.5513818143
107.60354605110832,0.41680531846866714,35698.56266425738
-150.05627238186673,-11.57414669877079,35752.85479588169
-29.46281456318578,6.071711587800275,35764.60671898545
129.85867942717508,6.585538673670718,36054.06294957308
155.86439768214018,-2.081910987712444,35780.31616429063
-122.9458231719186,-13.30465945130813,35818.97339561886
139.32813081411254,1.6612570146388714,35798.81953547806
-40.69282586029338,-1.7065088714317058,35855.39119597787
-137.65382618448737,-12.890729325742297,35803.90207161641
160.98928841644076,-3.206368399677658,35615.22070699046
63.67378803036029,13.62761785261794,35794.669545301644
16.42570172909622,9.99507633458219,35890.927434682
-139.24616475513753,-12.688660357208917,35807.8838741222
146.3448246812055,8.244293948560458,35951.47582843713
29.665257860613604,11.7835687185024,35746.18599132119
-42.18440930443703,-2.5831607839444843,35925.475126427955
101.71594786722274,13.759439056235276,36031.74181091
-106.79802526013887,-13.176883268605136,35829.30062042361
-123.75458343861285,-13.560007510524237,35812.056524419684
70.15090004779697,13.482577162562176,35828.843463249636
33.4681745038137,12.05526192473209,35745.464345850356
53.94760719331075,13.903980162588816,35767.95594064778
94.17059118837267,14.174605852639825,35932.94450199349
58.72607378940701,13.584328390065298,36078.51516405291
111.13913612237964,10.779814001251152,35927.14151719782
8.625451800461043,8.449081353408989,35773.52973037027
-107.92196498468627,-13.410033384323688,35781.14283543629
5.317672418171863,3.666430977434984,36136.724932642785
90.84673006112035,13.601921666601825,35956.219009098815
-157.5249005043427,-8.75522935073521,35810.21204763347
-66.15799850068275,-9.231991799403888,36222.07788778681
-90.3224362986983,-15.012881065194403,36222.03288835595
134.73338405457866,9.786572249755242,35974.03638866192
78.12152344681633,10.144678190132922,35590.15871234278
2.2655984167545267,2.315634724716449,36117.21175361205
-134.5237807180834,-13.159984014305154,35829.36672447413
-7.704488755050693,4.668342633134388,35923.531075308754
108.81673220419457,12.784555216655955,35709.74473205511
-77.17776645020396,-11.325590557221204,35890.151553219686
111.27781078424142,13.4612235727234,35878.411157401926
-169.34230335190907,-2.405041497181164,36122.02634012844
75.90489667908662,13.31387921581166,36099.5399087701
-129.347536946699,-11.312007072375712,35793.88763069445
-138.0898827264484,-12.899720172353375,35804.49031069155
74.0084787856742,13.560277686253757,35570.067184715925
167.44627178058346,4.6950667361927145,36128.1380716659
-100.4204061645765,-13.885198562996116,35786.26550769465
-16.027100734364378,2.1484270320226853,35796.291897177165
153.38531804928658,3.3884030587091343,36163.29076222139
-113.9939552374031,-11.294148162454087,36006.30589305022
-120.53110035974494,-14.206042114222372,35802.48126384084
126.94622853273536,6.89857706767719,35761.09699745169
124.6442336905957,7.544129838239226,35738.85891736088
-78.18431450603819,-12.913086677954919,36031.0685808282
-88.63627610970924,-14.65927590076539,36085.62656680692
113.82510314832241,13.341330521329365,35944.531014115535
-126.24356754996693,-12.641615480234783,35798.81269761875
-145.82584108461504,-12.072068219244603,35779.66249673166
133.99257349887893,5.607164098857641,35726.24157222872
-122.81681388679614,-14.05732478593556,35799.022330118045
-117.1338339348721,-14.210284086434418,35837.132314997914
-160.63701748829172,-3.6620444157134915,35985.583015074844
-98.52663275113676,-13.184041181854411,36094.816376462346
-167.52761042426727,-5.373313871816326,35773.78476956289
68.68304923804762,13.831717350674472,36049.180776287234
-100.32842685871415,-1.4520380559633543,35888.726099636144
-78.97294496819745,-4.237407989653084,36373.8870201372
125.49790210567116,11.678656512021451,35914.40937569932
-20.91429705733155,0.25828628267449805,35795.640739807735
83.649244153494,13.581756871784597,35464.328460818375
166.7795824177989,-0.9097458677681592,36104.36441381468
-17.23589683593478,-6.345380054517183,36043.74374285163
57.80759164689267,9.74406611687947,36101.929315337504
-147.78163993577576,-11.607432956972406,35769.90943601607
-127.30649762165683,-13.782097909581143,35835.77692537816
64.41399130116058,14.342684704673992,35776.76139330917
-102.34237606069746,-14.223652575960365,35833.36615020972
117.21622092305944,12.424976751504563,35874.91691214645
-124.18272287658056,-13.69926234221989,35801.88968691627
155.6039724992131,1.941929465348128,35750.93330308056
-111.81147332055946,-14.891592022346622,35835.932322064975
-19.410170913410237,-6.7886044354699235,36092.90124113306
43.75841479073755,6.2239523284038825,35975.70479483429
-171.27427851823006,-0.7090512891238907,36134.14227788004
-177.26299616683932,-5.605277340807444,35542.775057921186
-8.123346999948572,-0.7341867584012783,35693.11817466905
-128.83742726626775,-15.07267464286146,35742.34404457284
-4.006663984639623,-4.342592529313681,36055.008998932724
-151.21148113287177,-10.91772364665009,35769.23217435066
-4.7944248939655445,3.619299491830826,35874.5514135309
4.409823884008409,-1.8629274999279843,36083.83446530542
-87.38546411035428,-13.822882288792156,35965.70350552621
-71.93636403863606,-11.699411804763704,35982.84038682511
158.7132409665558,0.7785618189429667,35793.41654290318
-86.98634558528653,-14.314272892013788,36076.2541798878
39.15223165153512,11.953014400139802,36060.97359921271
-116.0975675143287,-14.455686505410071,35791.862351110416
-98.62520415319001,-13.955884527029676,36136.18188987124
33.37499560731383,6.233111189191303,36094.14915587037
36.171990845891656,3.6956409718149654,36003.12187879259
-47.43827669019341,-7.7107601453232775,35932.205146698696
-161.47859808720452,-3.4454355132726064,36029.564295072836
87.62098634816132,10.902678145416607,35866.73885182172
108.49721876961169,13.480687663232287,35820.630710972306
84.67153792697343,13.67698121964549,36137.11443610481
166.5253570028815,-0.22320714570751735,35986.947341386
-91.2208636888708,-9.753481393519634,36137.64908708899
70.18414695520262,9.879564410121413,36136.04579229471
135.24164814840844,7.213391442912734,35821.43800276977
33.27734263090112,11.242148461265026,35929.9344928597
-58.39122888527489,-12.166358207883231,36051.32750119446
-104.22935139014523,-12.407286828814357,35962.18631408464
-164.89643642492047,-2.7108533065006193,35982.92927381538
-151.04046005878575,-10.189987559949271,35795.07574847512
-31.384920322626375,-4.334139554896909,35749.12012274828
-8.076321934732832,-5.123378424949879,36161.76065064443
-155.45589296443757,-8.47168585744959,35747.22670476388
-61.30309354323303,-11.220336391780915,35891.366964132525
113.8560328746044,12.747658755342117,35747.329872061215
-18.005508166012454,-0.29862816875845044,35794.89401494909
-178.81046817122416,-3.803795792055983,35805.95552016808
161.48833011500682,20.81755360911274,36080.49903235576
-123.13936137163049,-12.779655297000795,35758.92043447509
-25.712168873728036,-8.006089515616695,36133.226061417095
-108.38875358728184,-10.570807593592638,35954.655937141644
117.47699815146568,12.734786537779614,35830.027276104185
-172.1244526101751,-1.4591638170444572,35761.194708447365
52.6491202924572,12.137701799459407,35613.362336853774
-124.25316208341694,-13.654119070636373,35788.82054642858
155.99691142601299,3.19732272167631,35803.824643361986
54.340497225381675,0.8918355836049724,36041.63042221694
33.19565897428534,10.405658939631618,35929.81588627975
-175.49210660487336,-4.212365525084722,35753.424111040535
-39.93256836745455,-7.164462162255726,35772.79536214737
56.750670861689365,11.194707421083885,35788.604231541736
-128.4337592450944,-13.897889495328805,36155.556669233556
57.342253933179194,13.521982200171074,35747.57116410746
84.09463395442786,6.875055751441953,36090.904758381585
-128.45857482372827,-12.304365406757768,35758.47812115831
153.4611504130695,3.137096028972589,35932.63667155624
-140.52258053554186,-11.427073789092681,35788.152044054004
68.36706523730199,8.574070161375374,35789.84679877545
-147.61388313221315,-1.1783518907027017,35652.89084445482
-129.74425462508785,-12.949255968267892,35832.80614214257
115.52188906175971,10.802348168021226,36080.17900029936
-144.99117526146142,-10.59736524399218,35755.613911869594
140.85161506901028,7.085636311751725,35833.655355570496
150.04869635983465,6.520400116264965,35776.647168061194
26.541822589149618,7.832727297255237,35781.702743672635
-105.47179200981094,-14.198858703794976,36136.70444546298
-88.1200033076637,-7.8148066265099185,36112.10780900376
-174.80893570139395,2.861195450400597,36122.64715681613
-123.61806845198686,-7.355262695466153,36066.657637803364
-93.74006724815169,-8.962867180978659,36092.006866612144
-141.84247246239622,-4.561241451533649,36189.61937943164
137.05850901845645,8.325466566497413,35767.403398177325
89.25009011793698,14.620027448557252,35795.418698887
-134.01574439534775,-1.428346999446211,36044.796655083606
147.85027861281768,7.84134447706427,35963.61546051712
-15.241294977579432,-4.44399768275144,35922.31524486346
171.4313551043802,-1.3275930347906362,35774.11869119469
-132.4919747325214,-12.621325782851871,35771.68724134215
-93.65000083035744,-14.959066954725422,35940.95150194534
85.93583753908631,8.325310426190333,35787.30722526127
-133.42542917762182,-12.760707388287539,35654.61253019681
-18.926147015160943,-3.9892186961516005,35803.13016166054
52.979752014772444,12.42040021847213,35526.55684008685
61.84580754018575,13.37047559588863,35785.136530572796
-125.21287169727181,-13.118344370197917,35775.33254582547
-80.40062609649567,-14.109240359516692,35895.70427229725
134.63909449292737,8.737370881924015,36048.631420102894
-27.962412142669447,-5.685261655101596,35808.17638663903
160.27160594268548,5.727588466389242,36009.01580545283
-31.167918035992308,-8.292546143549313,36089.30928375929
37.12803409754406,2.861239235386911,36035.57345087426
51.25241416334974,6.820212359894438,35797.42264554438
-152.76127584412242,-4.88822035551504,35730.33106312345
127.77333013270865,7.358933104361514,36126.17684428224
-3.3971741560127278,-5.605235135408162,36133.88674906237
-116.6132805695753,-13.595247580908383,35889.78423343126
139.76842162397966,7.441309773097963,35684.35655341366
-97.35400635286669,-10.997525733782055,35787.24123570663
-101.67272170739744,-14.214377958134385,35971.83852661729
-74.60133040735352,-11.23543566271083,36148.56685908141
-123.47252823108926,-6.599674280583473,36161.181716404135
84.23281331205393,14.621262056112418,35754.30428016148
-28.190679430383863,-5.731600968713095,35745.474118601596
65.46985486271318,9.79570885794897,35791.347779418524
-123.98116981621332,-12.158432708067727,35824.2848118479
-152.60538158811482,-6.688435247476517,35844.865947348095
38.546820715993825,7.655297330350602,35794.60844757724
-171.9557755552188,-1.984047126612592,35563.689948439205
31.526469836802143,6.651537119078771,35884.99517335383
-108.92576147894799,-14.641496832760547,35906.60434475803
26.265929399251284,-2.161782091852968,36041.554149124444
-27.122266045469367,-7.896808990130058,35914.5918135193
83.74132326025872,10.81516136160824,35757.31692398906
-21.813795553912435,-7.3918326272713815,36106.60017656395
118.66223049409331,9.840471417848073,36134.31211122995
-150.2009327225828,-0.8870210354489114,35926.12985942321
135.48675709138408,9.491838920688348,35846.05142729184
152.33944914499,7.027763936353569,35948.35177331147
-76.84279409049294,-10.206974284153404,36048.375209643455
4.660725263724708,-4.806489509568651,35891.14362385956
-171.60691727326858,0.9483992695764895,36096.76231565824
6.834520282192393,-4.4657190263800315,36160.11996180389
-27.34972809595241,-8.0024015914603,36030.9231928876
139.5695543014709,8.753132808313097,35839.67358266448
-1.7043298758046137,-5.472659465845373,36124.92111640119
123.10887575506122,10.42944251740146,36161.33940743126
173.2782551363862,3.682695738480667,36070.14000961029
-121.03970972549001,-4.651839923504082,35813.41524475988
136.11226687263166,8.025450979533696,35766.1294453544
162.6579517834277,5.465675464390982,35571.77661577813
-113.12396374037054,-1.015192315266363,35877.360183746394
72.87282723722586,6.184807429801178,35746.30952312658
28.523893213343108,-2.8753077681853356,35797.68678008355
-121.32136605928648,-13.138919591830426,35786.222863985444
-161.6011571601422,-6.569846312756619,35807.809964466716
153.26990774680058,6.691932320965457,36011.76849004767
-142.03052366111166,-1.6647402218177627,35959.60368976449
128.84050652009842,6.413610965298988,35841.586061109476
-72.4568726858722,-6.4071289254391255,36036.25151605995
-59.87347945627359,-9.956918466296317,36056.89218986553
-134.75341093008896,-2.8510806397747395,35780.48373935605
67.71141289324126,12.407942594723542,36159.83993146025
-76.76177422483816,-13.813691618456401,36080.02708077052
-162.99289553904853,0.9888029865880686,36159.77412892468
-99.5949810372673,-5.048738751427441,36111.970636777696
81.76030285811241,9.801745727461457,36187.24771581238
-170.4311732419204,0.8967542997396197,35806.85708930716
-149.76184050694192,2.1354906337295123,35733.005729171775
-56.40116018991597,-8.385264636503818,36032.094248510075
58.769565277344135,3.972301515040676,36112.547961936565
90.9199683291241,5.76243754177889,36071.177720355845
22.46273722719773,-3.192235694081662,35799.472318571534
87.25305896505374,1.1495692096409253,35790.33539065675
-150.0504316823894,2.2865342575941403,35773.68341270305
16.664466802819447,-3.794235701312926,36082.88906812948
46.76250203375006,4.6927929639721535,35783.62099922544
-115.9087921540305,-13.637138121410667,35780.66875157027
20.982153841247555,6.498070456575022,35953.431655679975
-19.894722646002137,-7.34400427996083,36038.30005643004
-141.50565328962577,-3.6218454222506624,35771.99986837922
178.83199837675326,4.87510564346582,35771.0929977357
-31.82611800112479,-8.709798713774731,35939.52089953775
-38.37690214567062,-9.472971917707346,35791.30925139863
20.677164161617117,-2.3575650075154297,35565.41653720755
144.09982164855214,8.266879514943692,36078.68914366847
43.04449116143807,-0.7581531656741795,36075.73912402583
105.1246249886916,4.423505643777521,35780.46388815526
78.65506980749475,0.025676486344163734,36107.40786116552
-28.666732331799707,-6.784825047013199,35803.915201449105
70.4024932334659,3.2594423652118,36116.83304007929
-132.1837513846289,-9.286366375997927,35807.23661269077
-129.4877286588126,-9.735206981117365,35968.1470590499
166.631060173795,-2.284443553830849,35648.96229638368
112.37310800316439,12.915346080824131,35988.344411206366
-51.154047108461164,-2.9929442293194115,36041.74115949799
19.143872917057557,-3.3764323729040835,36105.3107375245
-172.66955871824769,2.583467240453279,35778.005105586075
-66.62689637506647,-8.208833734352005,36084.14313606755
-31.804517342730705,-8.062465298205735,36141.14109011095
45.365217432307034,-0.604861933952469,36141.10550698163
-61.09639899909848,-7.997539809747273,36069.12175464343
-68.15284803337507,-6.5594304023943995,36144.649816100755
-30.392732567898157,-8.414780219441228,36180.3050516053
-64.66893053513657,-4.694118346810796,35764.33723849303
28.033428928640863,-0.6658096248004864,35812.40662224365
158.5067276750714,5.248510395069364,35775.6672153075
-112.88531522439081,-13.52970119920833,35803.68083890915
-52.83919597904966,-5.4521072877543855,35797.080493504815
23.741442274815757,-2.350907912314736,35950.880909578045
72.75959299598262,-0.21787700868395685,35794.49754429038
-112.74944499910983,0.3484930125770286,35732.141680464374
-167.2489095107877,1.9347259988839267,35770.68148922037
-29.86526070287543,-7.370042604950184,35663.27812736962
21.494897537030752,1.9109808180962968,35851.54312104754
-50.8598413082462,-6.213404816747926,36125.48693137813
-41.66186559517706,-0.011606010979265932,35791.1823936414
24.43208812654365,-0.7530063824163706,35799.57585457097
137.3290206620601,7.618143984103917,35769.05071217044
66.25505872690223,-0.5412673827406471,35782.75858018154
-20.065426943790367,-7.221810808719143,35792.121771692495
160.63141567642305,7.283680189869569,35939.430880734
90.14484127420215,1.4771266556400167,36094.11625521516
-14.12624554722052,-5.377363977039279,35894.94230766477
68.38756700716172,12.783639114219572,35606.3340265373
-95.69433379730155,-1.9125437468929654,35782.965227548644
-169.80424628719868,4.347156173059347,35941.04503670183
-105.93535140369127,-13.495866585961165,35952.61360198321
114.732261622319,10.530991986211982,35896.5130492583
23.656905302720617,-3.5606827143254134,36142.403753219456
-5.069874002290284,-3.387846712245083,35791.06677757011
24.979590982033773,2.7648521738835985,35940.99992615881
146.44262816103247,4.325687868153072,35790.29679496013
18.91171510288454,2.6974587352260957,35747.68618816648
-6.21723806939348,-2.5602606479498458,36005.29242348804
-169.73736539768643,1.2984323021769044,35849.8498654539
-112.21106668509525,-5.8046779601119365,35823.39539721045
-125.10733154109228,-9.621178300359704,35809.464153743385
-26.82955056250697,-7.483893022677458,35774.79979054344
109.1215765195279,5.654402025344098,35785.09344307431
-126.13994602769398,-9.945272353125919,35909.757437383145
-11.03551777838853,-4.93311136012496,36110.58196848363
-102.9304454137097,-12.111105430952591,35823.536936119206
18.531178874914104,-2.185827949414331,36123.36749490384
-24.640943016571278,-0.015332380263171543,35793.39765952623
-49.61041345220213,-1.9035964418124807,36119.03349741183
-66.40122817946953,-8.480812037325057,35790.69241290109
20.32583599946749,-0.023720262070790178,35796.40235087172
-136.33522334622995,1.8188302819658628,35780.547839180654
-43.630152100385004,-3.4543947917714437,35783.39421067994
50.046954504473405,-0.4572273157006861,35786.6388520646
-176.65160901296431,4.925965172041214,35793.61302632948
24.32971486451997,-1.4881491169515428,35796.39310717287
-26.416851093158577,-8.125815451114683,36129.52563401793
30.328630341251912,2.6814883241312213,36113.85858256452
34.746313253836924,3.100920213870241,35795.717457264924
0.8969184429649166,-2.0052410068694906,35744.46301785913
26.497035287970686,-2.254447544834128,35797.541730538454
-0.16654694072530193,-5.336923535951348,36113.38131180109
52.06573120495663,-0.7443961311755461,36109.574421291276
174.24878260351136,4.582315957672917,36057.34864858427
170.502202405926,4.482987318397295,36147.59475700101
-22.835203141748266,-4.953699800168332,35796.57774459088
131.83802550230942,-0.004132964871047523,35784.30941024197
86.80561703015171,1.1417519958780769,35787.49300896946
-74.380903115095,-13.737257555738465,36115.3813915702
-150.97271646747532,1.4127856384637034,36120.48949169173
110.33871656181896,11.150325962056675,35789.344314474765
176.68217179576266,3.7190366582096055,35926.089741397656
172.94164810626614,4.270745001182419,35780.07431485581
-160.52823425777748,-1.1178399648712685,35885.40164708489
109.18230525361913,0.8417905657679919,35782.8697401957
-123.96696944990485,-8.733363208362494,35880.31826781892
63.41284629816258,-0.5261237271610678,36059.0313798021
178.5471352627795,3.115877762911211,35775.706751942584
152.59587170663193,6.097690561870739,35613.34235660727
-67.01065780097622,-2.902325380746379,36093.36014790574
40.49255755382009,-0.021556317205820366,35786.62386435481
129.75919131050136,2.0584731914753704,35779.207368038355
96.79168882667295,6.061304999485148,35830.57157394972
-123.55419505736731,0.9342610122981823,36159.1533258644
72.35638361357832,2.7330412529254855,35786.78615530572
-90.9718261300421,-0.9361997895667826,36146.72228398624
139.2446729888505,5.171843906616828,35779.0370130513
49.188413141635685,-0.29320961115928923,35796.94373245633
134.79948418277579,2.01944189272537,35778.70027856516
151.8005344153004,7.766749751725672,36078.88771332384
-28.568937992987294,-8.242242416592964,36028.18096134709
64.28959731206992,-0.009784760282406582,35787.987032643985
154.27960831524086,1.6102138965069184,35767.56648490245
-64.313960997584,-3.209582005930963,36059.993013614425
-159.09836058095564,2.4942434070367963,35781.13862456407
-136.4975435928721,0.8967300684412245,35774.802303246535
176.37400036210443,5.666859119781068,36021.031156531004
16.31592628607773,-1.9395760162079734,35804.04337271132
-123.17510075886621,0.6806439964162458,35778.25517268081
-11.600332314678287,-6.024642486198614,35765.76240801747
-10.143823754035461,-0.9581572093439514,35799.01704637004
-168.99109269849583,4.124150623077967,35856.670710371494
-69.44399279185453,-0.6921984175013762,36120.53723338235
29.310596405525626,-1.9623546496453526,35780.34422854923
-48.34499388794954,-9.536085220782955,35794.88498093135
-33.11330155134054,-7.3106779435630385,35665.926788766876
129.66879243364014,4.171482055392954,35937.09927303523
30.348655127346,-1.9010528020311173,35793.559971993636
-162.4786253249297,0.3093898683789853,35777.58926552375
-39.28262552569323,-9.255037201108493,35581.92436306435
174.01547469581,4.730719231524355,35833.70524317619
-174.33677219862153,4.678320320938931,35938.50942112938
64.11161848083532,-0.6159194983860804,35792.86903967241
-103.03922936667351,-4.6399868792737955,35920.46412504293
107.16658224362264,2.0883428539052944,36133.11437403708
-156.64470768492552,-0.13561942045606,35774.66248832324
-107.70094183996119,-1.9624783886291766,36080.17915350515
-44.916912231003536,-2.1488144233291115,35804.637375866056
38.30891629097466,-0.00012738853190825427,35795.81180217636
116.81738469338796,6.298359931051013,35776.09116059407
72.28604876319899,10.460026645995569,35674.90044638284
18.361980688388826,-5.43481658279466,35612.73867244745
38.0098462565328,-1.9412244952910511,35672.07030539412
32.27877388322796,-0.03414090932933808,35797.39962380032
-177.26977978725697,5.043732545838109,36107.6064583888
-37.170192584543784,-1.7785766723824625,35811.27018250017
-142.55682148951638,2.0861664690358626,35790.64468936485
-126.38491342646194,-3.0822865772448784,35791.65944768012
13.56953136211221,-3.502588938843176,36037.80359096563
-31.375020772538136,-3.9267378737553034,36082.598512011806
-146.3936979451641,-4.180216569815939,35738.40591641551
3.813145365471552,-2.1865377020664627,36120.98378642731
-113.7616318001936,-6.496564715383508,35784.091934194075
65.08673047130274,6.376587757623022,35885.25032501226
-139.62636169179714,1.085801727795658,35769.20998799473
20.13591664863888,-1.2540565139081417,35802.66604913794
-133.87479733848753,-4.902517373847623,35754.05538988605
19.2919423665904,0.4253867864764684,35890.6127738116
44.48682696229723,4.06777757625247,36083.55446791957
-73.23718868716634,-11.828884044623905,35607.56707381712
28.31795131133052,-0.022607982399527674,35796.23971332957
-75.47018613952754,-11.597801386830916,35796.975376914466
158.32701736967888,0.008443498840986883,35782.31672758365
139.26033463150065,2.2751377515466915,36139.18624782507
48.25295333037954,-0.03736677602996042,35790.631940000436
80.05709515091321,4.992813350270477,36056.03152460676
54.265051758620274,-0.017808825030389323,35793.1540718609
-154.42818559556156,2.052786888289203,36062.11893675634
40.86204361949701,4.90585511932944,35815.07220642407
159.85630725444872,0.13610810080341199,36096.930748067054
121.83560590506806,1.467992112046278,35780.737317235
-171.68834329963187,0.006670943691954524,35776.03327500743
74.221077571926,-0.023617958730076966,35782.9459531489
-57.11577630442146,-3.3363960202412373,35791.25122195274
-11.98240337038608,-5.3598890978977565,36193.17835163851
-140.4713708661192,-4.198287760344225,35733.44496312069
40.26453484972569,-0.01783483392969121,35796.519750813444
70.30892745187879,-0.04112477582934372,35786.33883701984
-86.20329706106264,-10.729790069484597,35605.383360002175
-177.57533558875969,2.7938145219632156,35779.087287769275
-81.13970334670468,0.041232030335231235,35786.998538115266
-167.76592726093287,0.5847788148535259,35774.11744940344
52.00485662669228,-0.0216943958795161,35787.942916643944
26.310775382488544,-0.031183810584280193,35793.10477977644
-153.66577691965676,0.41755894575208735,35776.69829930574
-136.78950990553773,-1.1382329282062815,35776.00938969753
-179.266833365764,0.33161447920124976,36093.93557711663
20.431082311553432,-1.1132901665969988,35787.598858782076
5.536977039553462,-1.9611396461061559,36100.858637834135
162.72202315496287,5.206294451697047,35784.02262074134
-26.659634155625195,-0.006149627229850482,35810.21591329156
49.132437323201465,-0.02081035161978031,35791.74547491387
-65.10665709842256,-0.7510242657477849,36142.9211771734
129.28415701852717,-0.04381201408855345,35775.053594683974
172.31381797274997,0.03101916334827292,35756.420009234695
124.35289954549796,-2.8419045458907823,35822.9443390897
-68.59535892914403,0.03081312544902696,35788.07527465452
178.5096266162653,-0.01153189741064332,35765.642609743896
-138.8829304343453,0.14307500501408174,35759.29028823358
46.29284220079705,-0.02587674738724159,35794.29088504546
146.60703872365144,1.441128939896612,36065.52837619225
-129.93341709349247,-2.208819612179628,36079.61381390956
60.29992812326556,-0.04014868597358684,35792.98431751266
172.29874093677236,0.012003267901471468,35782.11906378673
-72.64773889585497,0.03171849187413781,35789.4298976082
154.1062976396359,0.006291279429806096,35768.58612524256
-87.59808563115375,0.0326654081145377,35783.06760393704
41.601592894090146,0.6320520456577482,35826.375754639725
58.090854561184834,-0.026042315357732118,35793.224277496876
-40.647824426703174,-0.010707937889986904,35796.92160839341
44.1030364458157,0.011996434473558392,35788.28750886969
-174.70916814303467,-0.0408717189887917,35772.162426427545
48.133165308159555,-0.03764940153183865,35790.96963454453
76.3114584132255,-0.019334567877059033,35789.93339529468
148.48192973238727,0.25095352180054425,35927.40798936854
-86.17998639717787,-6.812888286339779,36148.72829696348
169.85369816942165,5.513741716717621,36214.531566377045
-115.11051811577751,0.44976919450018976,35763.773040184686
-105.4245408340636,0.11749171398712616,35780.538896993196
40.60066309838199,-0.005863638070566496,35791.51137917527
178.4844755341175,-0.02291503252300531,35776.89968309609
68.3064400800551,-0.026592962806951528,35792.79109868494
-106.17938108283754,-6.015217210499241,35831.15341044942
-85.12991980169099,0.02710989927252586,35787.78560127947
56.53725893871845,0.0030827487380354493,35786.43495796167
64.37345746143966,0.0022383680543005416,35786.191946832296
-90.77772596640045,0.052018179095297386,35778.14014327175
96.52820493531644,0.8120034848872939,36067.28218595999
-48.636840475327794,0.022934373550271222,35796.1947799979
116.31494436238538,-0.03965070137555787,35784.45315988545
165.29808663590347,0.011660860061480389,35784.63480478624
94.2850814744882,0.03299556803488073,35789.985575359024
-175.56345244544576,0.8509621433457373,35771.21607565449
164.13754601942054,0.025076732167387195,35775.31703533045
80.2868611385969,2.810561871614686,36022.51768849313
-23.969344436297618,-7.341582789739781,36155.19795453405
-115.82619724889585,0.040039774891443294,35780.479257956074
-102.17271879682944,-3.6697961982393372,35794.15167362562
148.3963609952609,0.35934927792553467,35786.23687673558
158.56905562606966,-0.03834174156160215,35777.134134479275
156.1366870176533,4.342900534270822,35774.611206893125
179.4102335562,11.26142957990066,35899.04263472304
60.15563043171129,-0.007359378502248805,35785.74823825796
66.38809788512283,3.17408110486864,35787.51401847953
-68.69301049233246,0.015326033896199827,35786.157424957906
89.30908056175434,-0.03367934631146807,35781.50836948053
-120.96395634759705,-0.05221935958982954,35783.976262248856
155.2200866956154,0.010643367471011475,35774.45611435505
36.30192239961927,-0.011657450595175733,35795.38276068368
-108.38747288313414,0.024781289003928782,35781.01219108418
141.50219090882902,0.00027029419416362276,35774.71327081892
-158.63550596364976,0.06275503943218662,35772.70799412815
-125.2162336141655,-1.865185118748449,35769.91333616211
-137.6655049816184,-0.26809245700741796,35855.84272139164
127.80722640527448,-0.03286248480209661,35778.42129323909
-174.6669317842154,0.05441141299461367,35774.66181868515
49.30707498193114,-0.023627385244963366,35792.94853623642
-56.692698920969384,0.03175118208674585,35788.679698246524
34.42527695536192,-0.02440092853836278,35795.72271395188
61.23855844389605,2.667634492401698,35792.88403199894
77.31369829128947,-0.03368304346042697,35788.511906125845
62.309450991265784,-0.03258313762166273,35792.03257196146
-169.66690048434822,1.2665912489423239,35862.18373459768
178.54046056248285,0.024319842775155268,35766.94172112414
30.47574636036251,-0.029119901358704913,35798.827380385854
-124.62383515904665,-2.6545018724758105,35976.76781038257
172.34386886632137,0.03487400598822684,35768.8827087828
146.78890613592154,0.7120300994727593,35774.77249519392
-114.21037524750008,-1.008183087564595,35796.10253025448
148.32577855826398,-0.014181339305573951,35786.22973393929
101.91141155431961,4.573028003796088,36110.08857630981
-17.59351124219983,-0.025723316163947834,35793.94767958467
-167.56740984464562,0.01406865164368644,35770.7644348964
121.71828507090542,-0.041941981795137244,35780.89736445011
-41.388521869737474,-8.688792797463925,35901.937071262815
-163.20110155539817,4.0364248110046255,35873.170106114994
169.31203289893992,0.003332333650849658,35763.68406447893
-143.14907573439484,0.027396299779946794,35785.3250424361
-92.4078122814656,0.013517722814068805,35780.434619492764
-109.1292711835768,0.0466835657417049,35778.38100771934
55.00989276524376,0.17446776248012114,35841.37600693196
73.20505805261321,-0.00828244503983261,35783.94096947398
48.26664929135902,1.3299560210499113,35793.4532761886
-100.1438386622874,0.027049344190033433,35784.397147205054
-40.78730546606114,0.0395209191286443,35828.695525559844
-44.679427791425944,0.0022207273471425057,35793.016240413155
86.60475318712682,-0.023920548870314307,35788.666169929005
98.28509811788786,-0.033290978351568766,35777.85488926614
-137.61481577871737,0.054485375508986696,35776.817832151144
-143.65532150280362,0.023866157856155767,35775.4834876657
158.48129765792737,0.006801065678268716,35779.50718049823
114.31451643157439,-0.03381505185480041,35782.77963107386
-164.75741459514012,-0.017343745012011275,35767.46422474404
-115.51325400013212,0.04200328205754664,35783.718348693415
37.499224683817246,-0.04344631971327744,35792.390289746836
56.57451925119113,-0.03300195067903944,35787.16218043865
-60.24866900365056,-1.6448634813156557,35796.317879110946
-115.6482002400994,0.01721101932645,35776.04026223464
61.995385329031464,-21.065212519362653,35790.60317263296
83.0900994061863,-0.04382307790036395,35788.1770978797
31.550680295410803,0.2845302045426397,35790.11846003111
40.41868713965774,-0.01514162561891634,35794.79984640697
58.30185729832652,-0.007715970147282158,35792.308378077374
-177.1693493536547,0.05659862562658332,35771.390553511774
172.54012508674765,0.016460535346335344,35777.75864606656
-120.99753623085006,-0.5816925905591865,35799.60183876915
-174.6680448125099,0.03880238576388916,35764.21803678241
-72.4883084488874,-0.16990285537570524,35787.257048477935
-170.186143184942,0.017043282178157506,35766.12034703265
97.66581003653825,-0.010196905955616484,35784.18941590752
-87.14488781690515,53.16422908656925,35779.26780743988
152.30411401862978,-0.006563417296696376,35767.05024987316
162.17568901787936,-0.009359380916977165,35766.660424463415
163.40412147333012,3.8684942268014266,35767.30299686617
-75.57940327528196,0.03542555629021664,35791.489120965474
74.23715488578527,-0.03095345335488844,35788.05644332777
-90.80279425499121,-0.013962999492301214,35775.380172863406
-40.73966217612807,-0.6540278386842545,35801.76040828269
57.93776121149962,1.6256382693237272,35793.465828934655
-74.22335813961844,-0.8645440065835711,35786.91779422242
8.4812470737717,-1.2156887405663177,35699.69641008388
-134.67422158810297,0.04024307786113245,35774.43629476819
-87.1622938771833,-9.616932037226352,35858.839877529084
168.36118830428043,-0.07303791057901822,35771.30046748149
129.29094337886573,0.009026194095526945,35767.87156704326
-84.63733391902376,0.010064039418916272,35783.03066747107
173.60416477003494,5.17525537381824,35785.36009596211
-111.63069814950275,-34.572834917724755,35735.4564957303
-167.84893117886725,0.019227728896627983,35780.19724177344
-148.16462827375724,0.006876509124338897,35783.66147276201
-134.46795935911877,-1.3433144648166264,35779.794347198476
96.33568792229025,-0.005065574434929567,35786.93692548414
-145.62670466401303,0.03529431976459197,35763.92864662735
-112.64997497626933,0.03141431329200109,35778.18059479598
-90.08988036491773,0.04978977654015672,35789.632179436456
-29.59560578785383,-2.5464741627385297,35869.0746873621
-152.63529576003387,0.6191784880349068,35800.20468466722
56.302484521193406,-0.017295579932133105,35794.58559690384
-114.16909264149835,-0.002710050430379733,35779.883547106474
-111.89206903251802,54.05055043720416,36081.506286398835
178.51210963880743,0.0024098929215375124,35781.971594928815
-90.71718480661387,0.003818376604459183,35785.91076122162
-162.68308643168717,0.005036337608028678,35785.77643727734
-70.81327724724147,0.0166388484670348,35778.29407432064
109.6166782085029,0.5290995813213354,35790.97938380067
72.30346909995521,-0.020145503612373293,35789.52040472432
179.32687029963122,0.014575154050572404,35756.053735758534
151.99566444348397,0.08435164843838763,35765.73441502401
82.30495776455541,-0.012299187265061205,35788.74418771944
-20.66684797136739,-0.005293586041744988,35793.34992872187
175.31375968204262,0.015070343112052985,35764.91179796384
44.21796380189347,-0.02091513466669462,35792.359000184355
-95.14293824848492,0.008982430960563005,35789.38723474548
-95.47950679414447,-18.57624374710279,35947.54934259348
-179.51805726307728,4.253181898124161,35778.50215186854
-33.81336881294046,-3.581253858396645,35800.43000472895
-158.1561167071493,-0.013711893907962588,35785.98333440316
-88.71049981505575,-1.1514054776811136,35792.15044765186
-112.2555403907454,0.03455318658741932,35785.02220241506
-158.24928404050374,3.222316719885826,35806.00129315693
137.29997806533837,-0.0221643760672779,35779.56585385774
-141.99006137750948,0.6278471215018285,35798.48224767369
59.686579495538474,1.9614859579950028,35641.33476936965
-128.57734740328956,0.04369135747125976,35775.65211377008
-176.57568467303463,3.9899688974647383,35767.57627672639
-101.83820074466333,-1.6338962017934318,35800.58599988866
-124.14509211960858,0.03170925982573119,35778.671019539564
-153.06371435767,0.014197064183208504,35783.38105815446
78.86948613251343,1.5060643032511871,35880.46330904972
-76.64492123166978,0.033443552214816666,35786.929676555745
-68.82723499662181,0.0394413179653331,35788.96045771884
68.21510887908549,-0.02422675884230751,35789.310779778396
-102.42084760920062,0.011907567656286047,35780.72232010455
-34.63956518559679,0.002932537470919412,35796.29880190432
52.18390095141999,-0.04350054863798316,35791.03286075652
168.67594131698996,0.43308447524241966,35779.02548588836
164.3095289601259,-0.0499644541688379,35778.196467339934
-103.89420844880624,-1.9413684246693017,35269.76612704281
179.74908068117225,1.3596289569725628,35789.51877729484
-132.15252034272348,0.03056227899732021,35781.05503754911
-169.64531294754858,0.017935853313586488,35778.91676338212
101.3085588085226,-0.03979294663821816,35785.18204740531
-172.49811576435738,-0.02448440839733612,35769.00894689742
-117.6564176848646,0.031817858247530445,35778.44216577364
106.312589137097,-0.034192447456101414,35783.93955131666
-116.67932309548978,0.23139120214390915,35799.52335100907
143.0401630378168,6.728110935703388,35769.14566981761
-17.7446164173165,0.011265300568863388,35787.93635694113
84.31285651966995,-0.02062761498608175,35790.256204801146
-179.07898263648192,0.012217746897443732,35775.13017892787
97.8136444599233,-0.02547853647546958,35784.34720325951
-113.12460973028628,0.029695073785670566,35781.48942363728
-130.1393395011397,-0.046269274425659555,35763.77684452111
-145.75161520630164,0.0375021430434104,35775.35764137824
-147.92205250414463,-0.025577059971519604,35770.46294444647
44.52621401713603,-0.02709797910360347,35795.52571582107
-15.089394014882192,0.953406023400855,35783.64305849638
98.28299779062752,-0.04587216937463542,35792.24507711493
-154.68150980560267,0.025968274140671165,35776.710378872085
-179.97130574973556,-0.15203363719849036,35775.84342278565
42.50964400779819,-0.021698496965360175,35795.27316009522
52.00961045561373,-0.03680137314272976,35793.13405111541
-102.82750392023338,0.019864589876976486,35787.36922533129
166.31959003369974,0.00844452359477549,35791.10707587691
106.83213155110403,-0.02451436219726238,35787.40658795597
118.79883639103417,-0.013717077402317361,35783.291909186664
-141.16658643501898,21.1799143230133,35722.23144998982
-17.506649887061453,-0.8472925600950291,36016.26466966296
-175.82244625898636,-0.0023321220424869817,35773.88413249408
-118.56729308450653,0.022394869839534908,35783.330277302615
24.114054592489918,-0.024385113826170583,35786.5351588429
-175.2095546349651,0.00011957481200427541,35779.44551077868
-126.67090762170011,0.03803115175123813,35751.22221329157
-135.65449633191704,0.0039026245490081653,35781.01934926751
4.73608467267532,-0.8283745928073568,35932.25543577213
-172.1797922862346,0.007047110941868419,35775.80004894854
43.1698732139033,0.005969537305908422,35783.948413712154
-165.69873916851648,1.460172837810848,35788.326111258146
-105.64578584757817,0.030602956015000588,35788.36686937259
-138.0627287999859,0.01446633886709574,35785.83535322585
72.1102551510306,-0.006350888649698699,35786.67397009138
-60.65260078049124,0.014623855683426518,35782.00393011251
-126.64563533712274,0.02809037140703512,35764.50311089461
-122.09449083617913,0.07084484417489541,35784.572965062296
118.4691862209775,2.2152608156433407,35778.209368882424
-125.71112907898514,0.01835624377221551,35781.17834346921
-162.86870282786865,0.020569221860274545,35779.83093625137
-158.6832946845897,-0.028525409915688558,35770.39181517316
-144.65445193591756,0.0017225277269425228,35784.50950860367
-60.82772133898365,0.012009839355520937,35784.27183897659
85.30143583408919,0.006425008239236795,35786.792555796295
-169.17808560830395,-0.000328254124212498,35771.48420158612
-141.53726397148142,-19.41448023266704,35842.195217560155
75.05865667793482,3.256031302422816,35643.20191158899
-105.93050994971667,-0.282595410522254,35783.363140771515
-142.15307820188562,0.015622485569849832,35784.12103032862
162.40803835112004,0.02272701765760625,35762.544799544325
-173.96481539512502,0.265696288002477,35976.49321356123
155.4490105983463,-0.027310928690635696,35777.10375185962
-80.73762339176898,0.024183103916960488,35785.252406452375
-44.636712637900445,-0.059618913488159266,35799.42570574661
-109.16863003587683,0.014303958014890544,35784.35920530385
-140.90860208740088,-0.004383393698347326,35749.235953865245
-59.99951569487443,0.03348475040397366,35785.150337967425
-117.40079446335723,2.2952339834197266,35808.83069463193
64.27870084330957,-0.01445775121680458,35777.438675912264
87.51155513574308,-0.017517812655447218,35786.33002732089
-147.58397359278777,-0.006771619509280989,35785.80875989493
-145.55939760291284,0.021861942054706936,35793.72005685394
60.09580228033318,-0.035805145637785835,35784.674275574325
-110.71724922925954,0.035111639707664365,35784.64417591841
-172.48036310820675,0.004483143874688125,35788.55142535598
-100.96545378080404,0.04073364892904546,35784.9592357999
-65.31206141596442,-1.9377968084872177,36000.09341568728
143.4957032857408,1.1564440165382044,35560.8408776682
104.31716173830291,-0.046301914824028345,35786.79677197843
156.35285233939547,-0.008175955190805152,35782.21324982555
44.429597350748026,-0.009071493413188065,35786.17667215118
-160.67680924497637,0.02703567315242609,35773.40126503084
-90.58765106166568,6.5650174845647085,35865.567823408936
-94.18074128089982,-38.59555367493283,35868.79475375166
158.67785807561435,-0.008334611654603783,35775.76997173923
-148.63937320235917,0.026041193043623477,35774.253950805636
56.47937213176817,-0.03573528653334851,35785.66543490757
80.51407188280007,-0.04378519115777173,35788.07298038255
159.77037464317743,0.27367315843716,35784.264771426075
89.29622064267785,0.009351570911715812,35789.480955177154
-25.676043337776917,0.011317443058623705,35787.005413575236
103.84586986492576,-0.026103073612445852,35786.74679028757
151.33947067349607,0.01543862204302702,35774.631696109944
-118.12186024629942,0.03376581319343445,35779.04980210168
-21.073780061657043,0.01591537123369822,35785.47334875068
-126.21033300872844,-2.3947714291108153,35854.9309292648
-45.680123505102415,0.013656050204734477,35774.97365076831
145.3228992258545,-0.011100763935590594,35788.50074239125
-132.03316193806685,-12.537882657221287,35906.20220710013
-101.0137794423287,-9.971814200497757,35969.16563971158
-60.399778284159886,0.02694152621229968,35789.07609399823
78.31085302388365,-0.01638904208255562,35786.59313518661
46.175858403496065,4.071478972380474,35786.53618210768
-58.63054012497799,0.012940007190023424,35794.05200080923
-150.68444107277318,0.027242654181561625,35780.411515240514
-97.23488687351107,0.012362714836896655,35783.05285973041
-107.14168947724872,0.025763480055163417,35786.40206665332
-174.71558909578448,-0.03295427647933649,35763.42925690825
-72.13170616930822,0.015216384327528788,35790.166475349986
144.33399038192888,-0.012046711734573959,35780.77818367644
-119.19536952644572,0.7406516869868277,35785.94881895318
144.79836355135367,2.1210269678347924,35775.7131159406
-120.40993468503899,0.050173014645247864,35774.70979507371
-164.56318045907818,-0.002689502021181859,35776.590068479985
-94.92272356902956,0.004087116814809587,35776.49899749957
-149.1601427617495,0.040342922000591475,35784.194539471595
-90.59458128140876,-7.046312690761976,35701.76072341674
156.15754838289706,2.117373043107545,35689.62320513032
168.27005158301813,0.08628960015547674,35777.94631923903
-92.36481948478668,0.02168329748995299,35790.87552580455
94.09722040224771,0.0011319602672899293,35784.929603892124
-168.21255145169056,0.8543945816313465,35857.077600896584
-119.59427941453636,-24.663382652794226,35606.235000346715
-71.15652508866732,1.7151535262041306,35799.01353779701
-46.64419605317181,0.028579889796779945,35790.91595012502
-122.1467431832599,0.03300975393612706,35787.22556854931
64.26689814031144,-0.028146908037661508,35790.64984092439
-90.20003400471003,-1.0166303000445267,35816.60445226386
-125.95631931072394,0.04029521825631208,35793.056127332966
42.31326172436808,-0.008972550153740853,35785.4039232497
-50.14191987876538,0.023275381442029244,35791.83653860872
97.94613943748462,-0.047418539482544986,35786.45290525565
-99.2319473960095,-2.335991340717554,35774.944836090515
-56.74225288367668,-0.0077447832508698465,35789.584223047925
-172.9479248222377,-0.0005129552160534379,35820.27968745209
-114.23385871896275,0.37924900656078575,35819.85260418179
-132.18439860515508,0.00536785468376657,35794.59574752369
-140.65310722358248,-0.009074072241803522,35778.22725182396
-126.70891478972673,0.06426611020917078,35738.424127259284
-126.68738666677802,0.050740465568116906,35790.08060296588
-55.8536395452412,0.02572551107673055,35789.24313413295
-59.90724475125281,0.030184302089732926,35786.61875085912
-83.1117726987932,-0.37596934539780874,35785.659299858606
84.12667733427966,-0.0014333352806603446,35789.36620745385
-24.089120062511377,0.2054044153849535,35854.015478362424
-50.8579223861391,0.01230989957395622,35786.64285553419
-95.98608501117488,-0.010379260835436537,35794.4658662495
62.2305067854341,-0.041360920165912606,35790.598534729164
-90.58956591244535,0.02451753871698044,35785.097843309864
75.28798652709516,-0.029044935820322196,35783.836465757515
-134.13645924848802,-0.1907239771194856,35770.83526596209
-0.09673518108527492,2.390697179699042,35795.845311969766
123.3250536158055,0.00991318281367943,35783.59340962953
-82.6339845019729,0.03678734624926678,35787.24659967442
116.12414930513127,-0.040771593913305634,35786.4240935578
91.37577116584373,-0.048365158516422466,35786.09445150649
147.26670723953376,-0.013331830454605122,35786.597403041844
92.38477286841253,-0.041185970278829385,35786.63338384863
-90.08054439237522,0.008406612838391959,35769.12259916347
-84.74965570331922,0.012918776287733164,35785.86962576037
84.45573254969788,-0.013036287108001338,35786.90939545688
-103.33836540795845,0.025143717206739902,35784.04903388581
-144.190800727112,0.015203047875868672,35786.414069796454
30.174019120373398,0.005311236772262708,35788.14060287161
89.43346506183822,-0.025935118798108045,35787.262413982615
-28.66230815717934,0.02103445836268109,35784.97561835343
-152.7692882723974,0.04619326346593267,35788.88583708091
169.51136131115285,-3.4896008892824617,35777.84785444627
-140.199873034104,0.4153506893547317,35932.90166884546
161.21100407987512,0.0246600565485041,35775.004191155436
-161.65943125206456,0.01458992326214456,35784.99336049292
-107.15423886464876,0.03633186400236044,35767.95555869885
124.81638071336,-0.02917882611750856,35782.76087424424
-155.67122946600458,0.030079824772037904,35785.12883868109
147.93169520437826,-0.7096171287200886,35764.08582989196
-73.58587834468176,0.061134417144880694,35786.1951135207
98.31121893206175,-0.013348356863053388,35790.280377956915
-78.53050987274004,0.026732523338798622,35787.54260797525
141.31443995234133,-0.016492423608656524,35777.577950456514
-90.83246345497903,-0.034123244035439156,35788.32353892339
54.36186237083329,-0.0015035909402098505,35794.51994297811
-87.48586998487077,0.023973478386796244,35786.6550072636
134.51414158812392,-0.03296914295794517,35779.08294304893
116.12769871809986,2.1663901918708923,36021.66436152416
-61.6249922689386,-0.4970962684353262,35790.88534187012
139.23270102818287,-0.023094080437025863,35780.521703385355
111.83440613652114,-0.02041391336652548,35784.28818818545
22.118628721580833,0.03669341836782185,35787.14096790679
129.3191535348437,-0.0001300152691186128,35778.3215267911
-38.65147008618605,0.02018965978340096,35789.66538877288
125.77769615675146,-0.041851795062415986,35773.28467424575
-141.96324990884276,23.757663988578567,35735.04117531117
-144.80851375834462,-12.69345511042969,36096.018349095626
-66.56362749423857,0.037228494073254355,35783.06693188709
-112.78051280132402,-13.768717743410491,35900.79254008271
-72.61290321399701,0.018487081044921076,35788.46336012447
-66.70667407594048,0.025683005158605606,35787.19055537512
-81.54261121906183,0.03852987956790818,35786.639787571716
-105.66121780522755,0.013065309943069885,35777.77430005819
-121.7020622585133,0.3075084657588873,35788.79198450974
107.15780549230028,0.05977179199333293,35949.36318312929
-78.71687742635477,52.41577869438443,35872.611693157734
96.30796578749984,-0.03316099001386514,35779.20591621275
-92.63513348133709,0.031270794875282254,35783.236138660024
-62.64068736827513,0.035281693380783685,35790.13891959125
-155.57845754216697,0.027242088879169325,35780.878852558526
-31.64706260395331,-0.002586493596756142,35783.23789899495
-148.9645941509686,0.45570250500904175,35867.92729096191
91.75622131136988,1.4371050801378813,35786.29839573869
-60.607945301876114,0.926433458307401,35779.41731160339
-145.58511068508184,0.05217395208684709,35777.7276166239
-174.87900884665822,0.01860044999028029,35776.338142784916
-72.38541856525204,0.016880294104483287,35782.11493025929
-126.60076988333013,0.012808458924681753,35797.47744496894
-137.88794455943628,0.07292210415430103,35777.35480378427
-130.66230692600269,0.03219034753243796,35785.54394226771
-137.93926914855575,-0.016611500169896057,35840.011353357884
-141.42120761128888,0.0026280007174551505,35763.015047509725
-70.66475365567858,0.013580405673671414,35782.79947187465
-161.60910370392077,0.07322103724695192,35769.888310420516
-152.7913166671534,0.023737000742380426,35769.502954461
-54.64589789433142,0.0026796632976450493,35790.78642675786
15.14297751819224,-1.9464750856575033,36056.83508862726
-70.69707243833054,0.030850644458586502,35773.92128159572
-140.36050527925008,0.03800990963446742,35786.7110411506
-120.2383502238371,-0.4220601129461531,35811.21805992014
-170.19307541348923,-0.0297909022639279,35764.9880195362
-98.75025358088939,-42.24666657191771,35733.89564285525
-56.0660442935386,-0.2930650684312268,35799.29334310553
-151.64545658333256,0.0029130571502237776,35777.47356254855
58.48156491845276,-0.02281378202575641,35785.72845277846
166.30723462921242,-0.03960131181396104,35773.893811362366
-66.8682902562664,47.32942560066574,35755.249442557215
171.32397112532755,0.01822185372587879,35786.76781408048
-169.49960899792552,-0.06260550452959222,35782.18786466991
-138.72554724195683,0.007557021964302209,35789.319294685476
176.33448703803413,-0.017233535040670538,35776.55326180344
-145.99084866495303,-4.865333773356275,35775.43797619327
-37.51284524869454,-1.1291996681987382,35772.65644268178
-41.8952873577423,-9.140909061314016,35697.96311387188
154.3580988094354,0.030173151457929384,35764.186164261875
131.83626181274585,-0.009099262672257384,35784.19738816733
-117.11945514575278,0.06163971501648696,35778.869710423394
-77.23662098000776,-6.9058722501589624,35868.053028773524
-165.16831503391998,0.005368272392950901,35776.516912755775
170.34392871230517,0.0008163635112425679,35779.036894689976
-50.666026193175234,0.024683237912137945,35786.45774231841
-124.6753862989637,-0.03395429343745327,35778.79355061814
-113.08315199832793,0.15478988010723913,35791.57102980191
-93.10445494728339,-0.0013325203029727636,35798.46207861108
-117.66804228690448,0.03761531425263882,35798.025890850025
166.4988928430282,0.04061764664997594,35786.19678587825
-64.47614540346497,-3.8584003622152805,35796.19319534512
-72.40200307968637,-0.014199062871991122,35789.08018909031
-120.60976088030287,-2.2815869143028045,35787.4468964109
-62.861251871178624,0.47746572258056685,35588.56323569251
-90.07999543955631,-0.5799952596728151,35743.4767098874
-66.64135704886614,0.0016847340280822596,35789.93889027697
-84.46935008000254,0.04477547660460846,35786.74328361934
-104.19609403643786,0.00937501342498233,35784.925943968934
-120.68483445716426,0.00833249554794688,35782.37881185563
-90.79632926385747,0.039672147286321166,35791.37011544435
158.32765897731926,0.007076716364756583,35782.22556161644
34.3207268990714,-0.017172770993325294,35796.1501522595
-82.78563799226423,0.2736122997613912,35788.01841694472
-75.70686820600321,-0.0839081707151184,35791.06075222496
-109.94434964747809,0.038278340359601974,35785.49964749678
44.02049080943935,-0.03856107901652339,35784.51785647337
-117.6090829625652,0.04599108589813424,35758.7007938467
-169.73485946558282,0.003963278426363975,35786.39231661953
-119.0228716104622,-4.121076162879398,35776.63357904345
-22.150952997005344,0.4264761456900915,35786.7497657886
103.16942213676657,4.145641187884327,35704.763913483024
-77.04066811837956,0.001335976410600711,35791.65190435257
74.12601183754111,-0.05577413435223967,35784.33962751326
169.89572004590215,-2.7288108032760103,35784.290574134815
89.29392389934283,-0.038773804676057205,35799.78378213225
-152.98512797736996,0.01825564094094016,35777.2899589644
-102.604720837017,0.03434376601716188,35780.31694985899
-54.12511211499084,0.6449568012240315,35787.49238040524
-99.2101007618785,0.02741892666104684,35787.3621867337
