159.519593391708,-16.7386348678231,35774.54765133887
-43.11283135099478,-2.620213801418714,35828.84349534036
2.634812961361939,-2.634989625946468,35782.07214508396
-152.44876458439697,0.2961748000522996,35742.80229465259
-176.3714263470779,-1.147103993692455,35727.9715865219
112.3126067853238,0.45288725123075485,35817.21607668855
-79.01107759817984,-0.11175047081696947,35810.36028186187
-14.143930830998613,1.1853063532364183,35786.013217331885
32.050463336537426,3.254257840598141,35778.69051221922
-127.1283111319488,-1.1244810081783365,35680.54690241163
14.295325704036578,4.277446565650024,36015.93070355487
-13.359875606942524,3.740650554615082,35871.82274024329
-25.683206062015927,3.009812789939084,36063.344998181565
-10.401765323080895,4.368934956771613,35794.11966401954
130.15202902250184,-1.5222278788910968,35760.15046910064
77.03286420844333,0.6596191944946818,35742.43628578461
-13.737422817726042,5.258699781481927,35791.75350207365
-11.605464042400456,5.712745613531037,35803.55221156369
-93.44341078727905,-0.9735231395318129,35786.815085926784
-78.35450572728428,-2.6960895929946758,35975.51743006507
98.26736442690184,3.8463238161262776,35895.19330214997
83.16311734242024,0.750992347956392,35949.03002457397
3.1790021644051714,3.489437427948251,35441.84996623461
-178.699575723905,-9.145756720248308,35826.978829344116
165.51607889799155,-4.470427832389112,35687.096747125965
155.40263234070008,-6.277899706365771,35962.59484909888
5.333498956480561,5.144703387857317,35926.834889074045
121.27093432859175,-0.0498257892017278,36076.92490471239
-157.11678594548422,-4.958095273895819,35642.59209581279
-134.049879725028,-10.614529294527827,35890.732785061955
6.982891449101224,7.110349881266956,35749.05407427954
-169.26856010117748,-5.725797850787231,35759.22930437439
-10.650473700573173,8.004299911319345,35918.90333735774
86.91224433858424,7.542507733717674,35896.59980028031
93.35981721336985,1.876037986289276,35763.00833070954
-175.4615691880508,-8.681517472696784,35870.12434510359
-10.10030440948151,8.332765645659236,36055.62905361678
15.245335437929423,10.633872242686436,35847.37638417096
-112.19414120644132,-10.319318091087101,36066.460391150555
-104.43103162877591,-4.11165876804232,35857.61036806646
24.94714178665861,11.21105364303382,35889.96628908781
128.52659095216998,-3.4697061054291822,35777.93536517792
-27.4643167254207,6.369238300597887,35782.41115600052
69.14181097732586,9.871305146304339,35984.90824974592
-3.9324344692045656,6.556443304242733,35768.85064413154
176.8059991384754,-6.988247292384203,35766.78323385575
16.646051914942444,6.550738919650151,35679.5189793775
-42.08037596720402,4.686446684183323,35849.78132688802
-81.71799847764339,-5.537388849066491,35955.41774253626
-144.3536650872024,-9.71688770995344,36113.53969983954
-15.107801173216728,-17.01494274146604,35910.0036000498
-11.676282915279671,-16.450116125167085,35881.19885923812
-58.218792872389315,0.5328171057891268,35896.705265739445
150.97600768739738,-4.679180032659796,35916.6045796097
-30.315541948854673,5.80854233049304,36034.72223603177
-50.22101585081958,3.7342070327689827,35754.30041950993
175.670851503106,-8.560293133348337,35829.89032389036
75.43161865447176,9.119374352753432,35852.82015946352
160.9309326059105,-6.7231811268001325,35827.29312664527
-171.21048476620518,-7.906335856902557,35961.78705165001
7.606564509450216,9.23230313090332,35863.86675247065
25.201229804719063,7.53070360109073,35797.27303658156
79.3206939829166,9.61014249426379,35825.88356306817
-84.80955129765266,-7.530005639093344,36036.49521115052
-115.50942433812207,-8.397132126744893,36013.306187144495
45.86564581105134,10.012659094152175,36068.7458769719
160.0291892153937,-6.980092751458095,35724.97485772829
166.48057289962364,-7.629861406070708,35794.38873914666
-172.56626781966816,-8.473979172964224,35687.71796193004
-148.90461434861706,-9.114521941735683,35833.43254261214
69.09347696055983,11.101539005382094,35883.41694633267
130.31990091409642,-2.524411865373003,36110.948743904526
-172.17695276977236,-9.802601973330285,35737.190853578184
-32.80096277282996,2.4016692657259147,35777.791413886545
149.48234616056843,-5.974016733881734,35745.512437292055
25.765458543155766,11.439091615633371,36121.21582480803
138.23625604104788,-2.994104804642819,36040.699762462165
37.37484806126476,12.455544863474191,36166.79388534099
47.54350531747321,8.857245886721552,36046.17971728571
-171.43276498528886,-8.936110288819012,35803.41468495762
-57.4929282830264,-3.268915540209351,35879.87288853303
147.9080668625982,-5.800347496103206,35807.52230822408
157.28783657494344,-6.963763908061137,35773.28028458053
6.386946152387597,9.992914430240258,36257.010278236536
178.30576941595257,-8.99435872971051,35780.806766943846
138.04137719654256,0.9672673127419181,35876.38246353157
174.39876237773382,-8.656259917475142,35754.404181760496
57.992173863219016,3.047512298691474,35669.06350963439
20.861682955529734,6.77083865831912,35687.640169992905
-143.38955513812616,-7.859029631751117,35788.803861281056
157.11081402328523,-6.854388349115083,35754.76495754624
52.30589434640211,9.325299793378527,35799.351726220986
175.70852350993889,-6.603089369626913,35832.590429859054
156.5895215068812,-6.781446120757458,35797.037360215516
-16.81133684233697,5.110911511855583,35915.02047079315
-32.767013635440435,4.269254550831932,35981.406029926344
-20.319836487538566,7.057666084228725,35791.303493938874
-160.0541084863194,-11.293196219478599,35920.919712168674
152.06876216746343,-6.040854480827405,35818.07810747904
167.43335927951483,-6.836527202710412,35803.35664365929
57.120142605578664,8.858951012131591,35811.31846657025
-116.35588357590663,-8.12257240521992,35868.547230529664
-46.77998696912016,-0.8585972977446953,35781.75695617746
-59.70520376067128,-0.16158555119035403,35971.80174605009
-169.55110326808457,-10.004478121551646,35800.342397665576
154.06241210666795,-6.165188253005662,35805.6690407436
-177.52506222816498,-9.600777634667164,35964.060832805946
-91.60037081402544,-10.56459246447448,35837.724853322434
155.84116190894542,-6.341198095016912,35773.04709789245
-158.3984391943239,-10.615375607443113,35829.63356157011
77.17506233258702,12.861353421227696,36038.16083302304
3.420916212231736,8.44419858525648,35934.58980666956
-130.38498527642844,-13.86912154763263,35999.49853527622
-81.76786662104155,-4.25226150054112,35799.519857218314
93.78665635470024,12.792424743060472,35922.01011265124
-133.80833458206388,-13.393892604032,36038.375255814826
-150.1602679961142,-10.917060050128296,35809.90258690348
160.2224001216125,-7.3874895572825325,35802.197010570024
135.36331236649463,5.838148658928831,36059.38181681076
60.337579204494034,14.06820527885591,35832.60672935048
-165.511184178092,-10.293741668633096,35771.53463807041
-14.407886684397283,7.232309418639495,35821.908822346464
53.03063673725506,10.43602073573364,35714.572396986725
-13.976067622177197,3.0620004313779217,35779.73243721823
167.84269362679711,-7.368671160471993,36220.270987210446
139.6475878966972,3.9937222002577752,35875.0392258031
159.03738791292625,-0.9339250973737265,35892.966068752525
22.80287694249407,11.505333876764874,36055.15818310279
172.17759464465107,-8.066280567664768,35797.69156799046
2.3947526694243684,9.456367250801186,35906.36534110746
110.97419629733204,11.147984847381313,35867.13299874775
-36.51130904221367,0.2596739683074224,35787.995189400106
13.305736402953011,9.098585885423594,36116.54763059282
84.08551014275986,7.535593991976472,35710.28104381836
152.19907998771183,-5.731688253277012,35501.713959418754
97.95520254801892,12.586153965514217,35981.74564853082
-59.037437750722574,-6.889601067591223,35826.084917074324
171.39207964789313,-2.159691598689478,35833.285187396534
-18.444488743706586,7.147638701283316,35849.37459199408
0.6996569355697195,4.56639395477791,36030.956434335225
127.10192122465695,4.915516208175533,35719.922191447185
-154.7208959732062,-9.46017488387098,36100.97367982298
71.15366147312609,14.764189418515235,35771.35833286999
-177.61059321025368,-9.355806571296208,35770.6384710159
104.99419957813114,10.360692167577762,35929.140159451315
177.77851401555208,-8.43920200013712,35754.60772243924
-48.69320529440739,-3.3879141998208353,36207.60408843614
154.8804801591908,-4.564891984952496,35778.59753673165
160.30525467986595,-6.741562740857176,35761.99897359297
171.36771736087888,-7.450881346393121,35837.1169944127
110.68401372291459,5.918063977921184,35729.025949347975
164.92419998201035,-6.238664789722586,35756.84276237397
56.679764298882354,12.426448064658873,35793.421781555626
135.46930473742148,-0.2834043179499792,35967.76635674043
-116.46143794845835,-14.411258267286364,35847.78077042806
118.04276902069026,3.235483234928051,35751.72118754221
42.50180060074789,12.031638559896638,35797.52987126823
139.40605388361473,1.2127060975499804,35898.11892428079
-152.3960901590809,-11.555999597260316,35789.842708509335
-120.08037444353937,-14.400127729967664,35946.70862631215
-63.64017109677678,-11.64752857909383,35903.33566458345
-125.46248144101901,-13.186415013376921,35975.51096050715
90.11178882136514,8.93842515495067,35763.997461787636
177.0577094371258,-10.01260621583875,35540.74944683623
178.33324569354048,-6.162942195853823,35723.95987248366
56.16510268929794,14.169439470838986,35983.54276205619
-77.99183119860504,-6.905238100297434,35815.15124682161
-177.08158133523963,-9.086621426725726,35936.28251521172
43.802601178856534,11.686612018573511,35908.17682516518
-14.128150881430543,-1.1830680918933725,35782.58426920778
76.50220494398965,11.73919022808646,35779.57272428024
-10.731672971952662,1.3237420318717248,36009.57835824699
56.33975585460371,13.992397559058375,35752.85428873239
60.829708165226606,14.385575291695591,35888.25486967034
-122.20959942472174,-14.30096293843799,35890.210881889
-20.751174220162,4.534206739785038,35819.28147353801
143.0505429070311,4.4238654086115385,35939.48996387678
8.21004603907378,5.988401934484469,35757.18825446348
-117.0316843528978,-14.822568367131979,36093.43742938749
-41.96080902591524,-7.836491452612646,36067.29638382988
149.68241044896322,-2.1723459959733638,35752.989650510855
22.722728942534502,11.078136679047557,35625.9552003863
148.6455455343007,-2.0369348945253685,35772.03738526454
52.805567137890385,12.111507646996165,35957.73196558026
46.3466404661872,13.349584439913873,35876.198553307484
146.68772237770557,6.967519354410524,35958.754406796594
149.11769728433273,6.1174068148862855,35971.75001859427
-169.63181738689062,-9.503616657102867,35794.054404151095
85.25602510281254,13.228996350170961,36026.70069610302
-27.81682065055446,-4.028149908245029,35909.89776804668
-161.74540079791774,-6.808743910472527,35975.57047764773
83.80660482456715,10.970795202753125,35729.11415280215
-168.1974715708977,-9.805047480416906,35771.05877950923
130.6056284010068,2.9822775474587586,35765.95257866108
-36.757034166420624,-3.9526403442136404,35885.33401589807
-67.6439059529057,-7.170215731579132,35931.61086361321
150.6673843370603,5.00683749286299,35896.57289012716
-175.6545766295297,-7.743001575881914,35824.10933155851
39.52881211132849,8.90893970017064,35814.48031922906
141.51943486745822,-1.8645117868624945,35624.069825559855
-97.21857017613598,-4.5517786804031015,35587.05659350303
61.425480147104786,14.464290118834334,36031.77115434664
88.60921817602801,11.275820295589991,35776.6808144846
168.2888583142089,-4.8078644979570715,35736.99345262568
71.39164004803524,12.744371795041307,35782.696442802255
-108.56276970645152,-12.775791031351387,35768.57666368297
154.43866606830258,-1.5785182003339153,35768.54238897773
93.50798457977588,10.685421149242421,35670.06514343933
-5.319074458114926,6.485178974526152,35806.92369723646
-50.235366187374325,-4.148798904166247,35716.07156377885
153.68082887331252,1.9173187379523022,35766.195836624924
77.35403124368742,14.00589293692658,35957.952478404375
-37.77647968718759,-1.2982681314209013,35698.34292117127
-109.87529285041813,-13.288861370338894,35913.348224450994
33.26212108882571,6.586907195410347,36022.90364239946
-176.00643050666045,-7.920313302763583,35789.92018492354
167.81165790459522,-4.10310686674424,35784.94557305789
1.0499460831438647,7.0115078891572455,35813.60252374116
-33.90776709420874,-0.92998140333856,35785.93522366988
-14.90160240937223,5.711841582935898,35805.375640853315
25.642579100526234,5.804283893779889,35915.85663604256
-7.843102150364132,-0.7685083974221164,36068.829961748386
41.73126292557936,12.128613038048,35800.983194115
-57.975741822320686,-7.37163851296045,35706.189207861695
-177.1266453480288,-7.289489191181811,35756.564487957854
-60.5032137741843,-12.115079552352686,36116.12223573951
21.52135034356143,10.185406508444062,35965.371768240664
136.14372773994117,7.813886753330857,35772.02392064081
-134.5908423477162,-13.461130243123401,36191.311360712236
-158.31356621277618,-6.78983999948159,36179.31524963277
65.42092131684727,14.26668414683191,35971.36923723544
8.543353599106402,8.697027934931137,35707.53012038037
-63.807963604007966,-12.900406546725497,36130.363509953386
157.62096092407015,-1.1627375157067488,35733.85991956486
-74.04810593774522,-10.495429620157033,35953.588323946584
38.769247264450044,11.496703569203117,35714.675554229296
-146.69770711409842,-12.1163074681415,35991.58197250527
41.713757958237835,10.437309192127906,35899.55403531165
124.4471542260916,12.181354996700362,36092.58604268891
8.83844715153052,1.0199494688554833,36063.62091080887
163.29550170979954,1.5506440954250622,35768.10791352726
154.40038775758873,0.009191601655670534,35798.41496691901
4.253228325617666,7.053931683571155,35611.620594811466
99.64988172020847,13.361574720688104,36128.62560578596
-169.8355976201668,-8.320622426299057,35780.4286491405
-83.0770798789153,-12.015037486997896,35812.79821990636
86.04873252093391,13.035203601386819,36189.259458224624
178.47718663973964,-1.9647268825162156,35999.34940563229
171.80666951360755,-1.011325138267321,35771.924161242634
57.750487596096164,13.943660284157982,35765.67976282881
55.46720173671372,13.944852994076681,35921.01505582073
-146.3010410431807,-5.40317089339665,36043.46285369425
-156.7700808403815,-5.859088944811302,36088.529371115954
44.603179512477844,9.345759086731395,35960.98060929382
166.67433696788143,2.302613586563456,35720.87437842724
147.11690799393585,2.5834702371866443,35755.35609106833
64.88301927901567,14.194270735272413,35657.162574247355
169.06775969017528,-2.891379497613799,35808.22264063679
174.25978466049574,-4.183187800170443,35692.46865131437
132.96177491420315,10.977514875114736,35986.27994229056
-165.71884385940012,-1.7170646770534954,36080.556594868336
125.75565733338598,9.799276170689975,35781.91129417659
1.7247973986052507,0.6825308867036803,36058.391966420655
-168.2490523332675,-5.686119460348369,35834.09066525395
-146.11399932744683,-11.40266200246312,36127.00188562808
56.394072351179254,9.356973816594412,35928.28970615249
-88.33784077876578,-13.170575479020231,35787.16466905916
13.422421445314267,8.408850740991532,35572.30586652824
100.30359104235879,13.458534428843194,36073.81680965029
-85.46852628007497,-11.716900452223168,36108.25510252214
-8.389670128454156,-4.268985851452426,36086.05862966983
145.31248969748376,3.3041876720387098,35769.371981778444
164.96719209501575,-1.5142986912704748,35810.34434672383
-3.967763979499921,4.250414464056091,35909.905026416694
-171.39891243139002,-7.192488653724012,35815.179778082806
47.36143165295772,12.216359238506577,35817.215641127186
168.05909103997402,-1.1184114358402453,35765.743757148775
87.56117192525879,13.882955317532891,35796.429653162326
179.54082476252688,-5.384292243607245,35824.48045315253
-87.65826316218607,-12.538666169239567,36123.2624471809
-22.732941038803517,-7.387195832696496,35967.40260869765
122.18444499374166,12.527370405202785,36139.650760321834
115.51300860405995,10.095801425371858,35566.886294367585
-76.01790426429238,-13.492153226937795,35761.23086067635
163.3486411059043,-2.0534294437370186,35898.65167768441
-71.87571176649737,-11.82618751412259,36065.341151489054
142.09288628694645,4.702208235214452,35757.401024171544
-71.33922973298962,-11.740064608113535,35895.70142805741
-62.93419363332208,-12.363724155735188,36060.455986972294
-156.63151966432645,-9.731538636408215,35956.28644759662
-140.05600746489475,-4.713227703282152,35989.104312327305
91.05496478250957,13.76052904257497,35776.04579982712
-155.08121588417666,-5.5461000566789105,36067.455774644695
-26.930292153438927,-3.5330654615383956,36086.24903846262
175.59977200840368,-3.4073492509844945,35757.61402149473
-165.86203070226637,-2.6924142513182288,36152.07774934024
-32.448181273190414,-8.771705480495362,36171.524616701085
-30.42718129586717,-8.780639130972384,36080.313153587216
-116.17409096982672,-14.446486627308332,36027.35288609647
132.0999394822225,11.08517075795854,35949.88230467542
19.953624887374822,0.6278288159303693,35863.862510035804
38.76603079276795,10.66866209732468,35829.04499379606
17.391169521858277,2.779557460091046,36139.62262050325
99.750945462885,13.559608128021743,36124.83059966466
-158.12217025250183,0.29760125840544926,36095.80497611404
3.758267858452713,-2.5825160790137454,36138.24989092564
66.13039477717112,14.560395604040968,35805.03904667921
-33.02813250770879,-4.654370213352017,35893.0047889366
-127.13237369666754,-8.85928320383464,36052.126405315554
-171.43826959268264,-0.24584894920880868,35947.29737228203
128.5404093631827,11.532962764310014,35951.60310931366
142.43864828585984,5.875308668002311,35765.99936182274
-99.96341541425693,-14.672791202160912,35800.53743545718
-75.76949960004373,-10.441024580329437,36163.67511006343
137.96481139978246,7.480713151585802,35747.04907924244
-130.82168556805604,-12.519118685625891,35881.40913748348
44.08502758716863,10.27082118396166,35771.914665517346
-85.1524119254351,-12.043675811311005,36091.57000783296
114.44803082340573,11.7322437861954,35774.098326080006
94.72390048288526,2.5094400710777403,36083.47975209596
169.69573805347727,1.7749896892620112,35782.383714365336
-94.03765487437033,-11.830531760009313,36154.54702729857
-175.33745492678767,1.8175129433487622,35944.66703746281
48.05058520810349,9.847859161387209,35899.26071628223
120.31117355373325,9.93901675700468,35778.05788046737
-14.750640415647354,-3.0307585571383537,35682.52909021022
168.31114337276128,0.048050739533415696,35791.499468677124
87.71937518208044,14.523362346665113,35743.52516458672
-12.911483700440044,-6.2767657270357,36060.76575352316
-32.71966554654142,-5.621102113956667,36081.28094305382
117.71387395556282,11.37757246881068,35725.50488524911
-109.15034460195423,-14.58658094375233,35809.159074815274
-10.163936581325856,-3.2871428166529784,35800.6457495568
165.02169539959743,-0.3753041020397531,36007.663044278626
-10.016487208135118,-0.6500151244452216,35797.08237623628
17.264082940069063,-2.643144551514447,36109.70394488977
164.5005360277844,2.8126502844880714,35725.53284930383
85.30324682123329,14.72889962058374,35819.814779958106
152.82136072929262,4.38178555722411,35767.492382019496
2.072601221985033,-8.007217240414047,35801.77373980027
144.81477222456812,13.004331047931789,35678.83220246716
163.25146650258782,1.6826520455212806,35807.07427897342
47.60123740972876,4.803506863653513,36075.0976759297
148.3912953412631,5.425135851317763,35748.67135595158
71.26332461048659,14.829407481667465,35580.79824095452
81.07561034734363,11.403558721490322,35777.53848837498
-39.92787819850514,-7.912752734650118,35830.878245914944
-172.90524493382387,-3.190301604880332,36031.10197750263
-154.99893473283475,1.5644573320264552,36103.05220417249
117.72631858517873,11.334940163234606,36098.28149328587
169.98782881686498,5.3643062052339126,36054.76926256922
-160.66517154863433,1.209315714868106,36064.483214904925
151.96832334772003,8.458597803687248,36096.18225295986
67.56242565873382,14.292477282547354,35782.29699444928
20.055805212756006,7.189911234579198,35822.547126446574
158.8663982606318,7.324123302695678,36052.78531499903
79.64724632218315,5.48506802264288,35968.12290982183
-83.45195337021738,-13.9843639239159,35918.143047278005
104.1460999066191,13.15405645467906,35731.16141512629
160.5750064289045,2.7738369838526102,35764.36168546349
-162.41190390890927,-6.843968785384226,35860.270088716024
18.3308935928346,-1.5699132882096085,35801.40056085845
159.82942539915402,1.6773153644948025,35988.74322293521
-87.27805115808451,-14.754093278820479,35807.02415388268
-14.467588006076767,-2.711488509018306,35665.5137626553
-5.541140720447572,-0.3803962331514589,35793.972389547904
167.53481378443104,1.2575518844342337,35766.34526977175
-149.70176606980408,-9.195194829181489,35880.435363222074
66.69899716979053,4.6436302827509355,36068.468617453065
-96.6263352974446,-9.60821958229604,35801.17505776223
91.90747625690783,13.589214751608951,35987.66340222293
-99.26728256329034,-7.208359902620079,36084.43339799629
-29.597309622333285,-8.653364564044761,36069.68962006031
-15.735433424085898,-6.218481270355538,35796.67014773946
141.0001905816016,13.445261331033864,35731.45684240163
60.40427222552795,1.9308500587252078,36134.30519429483
-71.19734145511302,-8.671058973752189,36161.07276249263
175.80813894901675,-1.7859874594420788,35868.882122746705
70.10879515010637,16.68880483532306,35679.188463305465
-165.07493010024024,-0.02320042936015454,35780.41015446893
-169.36300642617323,-2.795224737496433,35958.88700805912
-142.14914912217787,-4.210620577289634,36168.6156131105
170.3841103912294,5.700555485407529,36178.489125778615
15.390214842579974,5.405007269165238,35767.650575474916
-97.04546719356199,-14.649100852678236,35846.785914036904
-1.705315193521244,-3.0822977493195074,35791.17564767976
169.21638146401182,3.0700283312834866,35778.104815865685
141.03203708034297,9.545804882304887,35744.36246771706
-28.089547331132735,-7.281218692535819,35798.842712306214
120.29103377296791,12.289130322947203,35614.157376919895
-34.85487298967661,-8.742750612799423,35876.25397791008
-177.19016643527024,-3.441433944598191,35700.99271380469
-41.3649035854707,-7.882123953734398,36038.26288020979
-96.03595942922078,-12.851384164009506,35938.4999182079
15.952482712713431,-0.008430191206133945,35775.68803132399
-89.85549930475162,-7.012399199967384,36078.41348102415
51.031340333320706,3.80541269690312,36116.112094694035
142.42356503085253,9.145663195044795,35904.20072518754
66.0905676972426,13.717021211466479,35928.36532665392
84.25945977876938,4.421415472135969,35970.70928972528
-144.34278282842143,-1.9185292607857627,36056.04653441809
-63.55475464728818,-6.523937086332171,35887.249666816315
120.97348162642656,0.6274986736188066,36094.361498715225
-60.73047433066063,-8.368470735470499,36180.59550793891
-95.57056414426688,-7.390031567469616,36015.322510727194
70.16380404160445,13.92426634293956,35800.36104228952
-69.49582551130936,-6.209718280294698,36063.491949439536
55.06365725610398,6.495181187130623,36075.07031625917
105.54111015026504,13.102180692456413,36055.577658243405
171.54506847945368,5.852693244345214,35784.12597570042
67.12626705652137,7.82617147381532,35753.62575589827
93.1732182096769,12.874883350933386,35536.0382150932
179.111203903353,5.030208036526718,35850.0518224616
5.31588727971927,-4.057708542349574,35791.750322185544
-39.72384943427295,-4.872476163302804,35795.76486387712
171.50684399674358,1.1229431880922809,35805.52309996044
131.96355386034296,9.734885561528344,35748.44905363054
85.38578925878541,3.9340053350602626,36016.81815390635
150.73041395505305,8.20474227836629,35942.63687040712
60.88418829460974,1.0650805955585194,35869.03282988217
-139.7626183075648,0.7239563682867781,36014.14097585342
-127.74530874431545,-4.1613996372953075,36030.214085913576
157.71167992318536,7.520373992000361,35773.784582107306
1.1733505937366575,-0.7121952791053178,36121.48794982841
-145.28929449768805,-7.0696918805705655,35971.054842858925
130.14174584143552,10.468663987703827,36234.66980958686
-166.463648919494,3.5810943125271195,36113.34185792025
15.278655278964104,-0.9856721811047325,36217.38555076335
121.67869025022279,11.494661716419904,35759.06552072482
141.89703324020434,2.8129669529073125,35740.157883107015
-124.02528881838941,-2.6910531829234396,36049.10806242691
-7.960349419514785,-6.081559814981846,36105.57409894059
23.925810293704945,-2.585843267337007,36087.82739325856
-45.84347018454747,-6.626613643747445,35793.68418857806
19.25208477579473,-3.0380468033006056,35799.53354574095
141.6542269152134,6.904173350999027,35772.69489254719
-51.07714154507755,-6.928543280523943,36059.34278866108
-20.485044556246066,-7.191469547539503,35782.521867916366
176.58056866829938,-0.1472584892855285,35784.43511079547
-44.897046163177095,-9.785378720646015,36031.18605310709
-88.07155853723259,-7.780195644153168,36045.77633018081
151.1814101869256,8.305366001783538,35764.03322542916
110.40008906526565,4.457575965345233,35779.85327980936
-100.74644479725265,-12.083567607150025,35975.340813243245
-107.53390229310313,-9.411607191188757,35806.435167751435
-47.951404624417876,-10.254136167883917,35763.72146274939
75.61464717737378,10.767824877423127,36081.61869243751
-24.29821049088855,-6.82995760549596,36095.155125328696
37.24317261811629,-1.8516407774710755,35801.764988181
11.353002144508785,-2.509299970952371,36140.17696722468
-97.42423253223552,-8.203830075210806,35786.76067829963
3.5467465665994986,-5.408158106813825,36117.43984369964
161.0249549216774,5.318256194460879,35762.38736056707
163.9646653254697,4.68991938249617,35810.614206704064
98.38400397806537,7.469799063599547,35572.747380072185
43.307788735145884,9.58195696033083,35789.83672571104
-118.67629097590836,0.6758128114324187,35978.99331170598
-48.46657132417289,-7.380669740739855,36090.34911966207
119.11598841027174,1.857449414401312,35781.675642285125
-133.98098742675256,-1.1577157482912377,36072.723301715596
-99.65940443014546,-6.514914462811749,36156.958645053666
-21.812969367423307,-6.162944930297968,36163.965524458545
-128.525403179298,-1.5831098321088217,36070.24453759254
-135.19654102397496,0.34057042437097346,36155.69570310867
-98.31882737711095,-7.576134034588702,36132.0032336809
-132.74593602475105,1.1526319170935222,35740.11792335716
-39.87579895916366,-8.714660495535446,35823.36650768352
89.78340173419382,11.044467781560595,35789.33819178539
179.96769349252688,1.095129342259732,35806.607186302004
-120.86886835415896,-0.16120420276978417,35785.03663094238
-44.144768330678346,-8.042761707116178,35934.766806558975
4.684586724731231,-2.1401403597665687,35806.97452908165
179.04711096771254,3.268953076493759,35793.92915415903
124.53422814230638,1.5077900377935576,35776.14906850853
-98.89104096596463,-14.12545614457489,36090.1958319554
-45.692485881683695,-10.54897194303655,35859.677194925105
-118.09815495000385,-0.9698014632036751,36164.726907551194
-109.79231794335487,0.014932187147658193,35783.94866747724
-43.671620136841284,-0.6875849020803843,35793.144355841745
68.62327399025509,6.089042826452068,35789.05423795178
-1.8957763224649398,-2.342370130814493,35783.2570692627
-88.8599861466596,-7.8508580595057005,35787.86936280393
92.12818855112532,8.3316379672535,35941.49403566084
22.89402781912167,-2.98407111090969,36102.39355077262
-82.09411087738744,-2.24127071984261,35894.6076312063
0.44406197284344334,-0.4016506041552661,35615.182978100034
-163.67828264715547,3.6447370004518342,35768.80677707499
122.10624306938412,7.07173128533216,35957.37165034888
-173.21307572748603,-0.987653826512308,36000.747161599385
46.51221272051106,4.160830264537052,35916.997879069866
-43.87998676297218,-8.117761770520795,36140.329305696
-73.435610459609,-11.843848807678555,35775.88562015169
-41.8387478221203,-9.71928172914314,35978.12428078589
78.41014898606083,0.9631342371750805,35852.539313146575
-48.30125999337042,-10.762636460069416,35770.011730243175
-73.67665579485077,-13.691927787737097,36075.01800660069
122.45446772626778,11.16249977509383,35841.21852475988
-179.35292428077773,5.278046058895762,35855.917918068735
168.01995352277655,4.500453533934141,35784.2444864812
-95.88517366679747,-12.669071257723257,35872.95581670628
41.24307831479154,-1.1464122930693497,35797.43511878148
167.47281509382603,4.661003125780674,35921.448054171895
-78.58147402182209,-3.1846099108052965,36092.73968444098
-170.49482216562842,-0.2464766580711572,35813.32010547538
-48.810085242288096,-1.9992650209461456,36133.116167741915
-92.77302867805713,0.01028681120376931,35780.59788920879
-116.8783029315201,0.6181700243303402,36119.56905415536
-134.5164187271412,-1.536027043081868,35783.81733645514
-47.77760988839799,-0.007892995453315916,35793.117352115616
155.43034437940153,4.026801773852225,35775.350510219796
-111.72000215376218,0.2060031694550133,35783.731481334486
-18.0368665275696,-0.7634421975433034,35815.672068904845
114.90031668312193,6.103445192421234,35818.07445427169
-43.79919049270853,-1.4948976019406028,35793.6386879752
-93.96595230596853,-8.759020269942912,36420.38502146683
-36.29664032578273,-8.220222350621427,36123.58764884546
-32.69446736449294,-7.408626401084642,35793.857498463636
-67.17972766858509,-11.124038326707694,35806.08451680558
-41.67495267075503,-2.782947570577495,35794.890290212905
-67.90191832051522,-6.317878783255526,36104.02272046313
-15.21087281616451,-5.34567212074251,36147.78042668028
106.14052859541069,13.182302457532098,35905.681187726586
103.10978897414469,2.7396660368620025,36149.64196500577
-91.05647683949059,-2.1163403110470607,35781.29769722961
63.70339797625367,-0.023557182153424026,35788.47628579965
18.796057294165635,-3.0688198944781275,35797.35959938675
-142.7267638291572,-7.033220814823028,36067.940725884575
141.773048243067,8.791820227125369,36125.44855054787
41.689133213210866,5.003954527686651,35792.3016344761
108.57208743944294,11.27004293187907,35890.85237937215
104.38372570635619,11.795603399732325,35783.94571461929
132.096678009274,10.430588466201643,35775.997682098976
41.08473445603971,-1.1190872218697276,35796.91397578255
169.47979342717568,4.975919265026129,35916.06245615708
-4.056686454712917,-1.8448852611328137,36076.04879357542
110.17952779649947,9.227839269220711,35784.192612536004
83.31314816940834,6.621869867804572,35611.44884692892
-134.33371554622954,1.6741007465059934,36038.49080571353
-27.626552965359167,-0.011981481775236077,35794.62217942284
61.66620051868102,-0.6931261441901638,35793.03076030718
29.1597127955673,-3.2081543187386674,35724.814105728656
169.14140364101155,3.965233037660256,36115.9946788015
4.585093921629342,-4.8051940241272595,35790.24567124363
-158.17763811628322,2.6289856317671485,36137.06563543778
71.11327219251864,0.8774707487490209,35789.595786817685
-18.905686089012477,-0.4601300907388253,35798.66497715305
66.69135167654866,-0.47332035775416076,35790.63022919062
83.76599850410038,6.419151119025431,36071.2774709491
-97.20967314175272,-12.445552668356182,36091.24382300074
-3.9460366639194717,0.01819719501510984,35789.82250937823
86.12228495110627,0.15059547978255355,35790.258411917246
-131.66166633184378,1.4523070776157168,36053.584491661124
132.62147143775414,7.546295904831035,35785.81112136049
155.30974280093193,1.362489021852658,35773.73342643835
108.41691666813692,7.2210281755573815,36099.473261562445
-51.80162242361581,-1.6839485863091408,35799.11194674328
168.76252708955303,4.713060421472409,35802.91038888554
-80.24907265027451,-6.720717574916497,35787.87261810543
-78.25462697518776,-0.29291113492162335,35787.11010420704
122.80469157761198,4.776431531080991,35853.68984464955
-136.75815710564524,0.7733540502523774,36109.58894439035
-38.890791329233934,-7.478116661061931,35791.98508691857
-117.0198518344375,-5.34363593738967,35780.88452812353
-102.35195577098426,-7.753329769625111,35620.05991632621
61.95746024866697,-0.3351924607516276,35906.85390622925
-37.81592645286145,-2.3889028257229823,35791.65227939626
129.35831759610602,0.2048774303349699,35780.458105997204
-108.72366665701034,-8.54268960026706,35763.11441523154
105.46194741787048,10.797554065226338,35772.72433766688
117.52621117419588,7.578168549555729,35925.42655717347
-3.979176267865398,-2.994324917636688,35804.72215943273
-170.26978428000615,4.308740188328719,35957.79350888731
39.87295282925095,-1.9022954011219155,36083.3531887908
135.2997049214883,5.899695921350872,35766.43659199353
-174.8301240816904,4.774314282950166,36101.086042520765
-112.99856399760657,0.47931892228452433,35776.532650658155
-29.788787388401374,0.042226960115326125,35797.092516480145
48.83644503608808,-0.10922424544889171,35798.13511634698
4.574382397615753,-1.6867744266104596,35642.829831589406
-50.56078725751621,-12.346606443889073,35766.9776582781
-30.54232085327186,-5.797208430736453,35617.656594913235
-35.81254753954505,-0.00018922998549632836,35799.385354642494
114.97891673628756,5.97650636355541,36090.987910485215
-105.23009318609314,0.16112700388144183,35792.9848054408
149.19099100290697,5.634873015207086,35768.09897103047
165.82426308362759,4.284599632359764,35779.61846247265
-54.07937813489963,-3.605524903834349,36050.59846628155
-98.80362920646263,-0.7875068174690517,36053.36985369041
146.3756623822036,8.976638995641919,35756.54184829118
-63.5297132281313,-1.5659454877095214,36129.92427525977
178.8335416185673,4.2954221631310165,35781.64210599976
-2.079127682142598,-4.504782689290673,35888.15101797192
152.15153421748084,1.5865820711565763,35766.73698104126
-47.96750985184326,-1.1641527000660186,35795.966849743796
158.95532085785544,7.962460836387927,35752.55803309102
-48.08711370271152,-10.66569317244788,35979.7545556313
-22.090017602735315,-7.663993063355103,36067.11365270267
-142.26046681470527,-4.748372926771138,35672.54291624269
-39.78464275889763,-0.011658183138590449,35794.040216678135
-143.54107444312214,-2.997042428102114,35920.46311951349
90.18712855415136,-0.022300701208883687,35787.50906705629
71.98522044752576,-0.24659037827306282,36132.04467789789
-19.866888836410396,-0.03865091206861334,35789.74157296316
13.094370192119516,-3.85649518649715,36073.94413938622
-13.838794074294924,-0.021937584511508186,35796.393868515195
138.06132568667203,8.113031374375268,36094.83916911846
-26.107197958459835,-7.831880448743261,35859.959423650704
92.47928258675017,-0.008304484368394425,36116.31934750299
53.74083633255744,-0.9044454513438109,35794.46556692823
120.14737635438507,-0.03798333950575502,35780.584594377404
6.076967081711021,0.003304064503779013,35785.1794050653
-125.32965816264982,-1.9256458609354083,35778.31925141885
-79.23732043399707,-3.8747964686202465,36230.7572765009
152.2638940734035,8.175247964920409,35807.1214478602
-27.832714506908758,0.023268551011473827,35796.54292094414
2.1791095979240307,-0.001756694741740781,35789.324344027336
-154.57918342646144,-1.3320503267284054,35661.09614923665
114.21261183686218,1.872715458234532,35782.50108750873
-149.29195459513807,0.02040058045734901,35776.367334187635
124.06644067400113,0.38797907482228805,35781.87699005873
-16.123850716397214,-0.022112986881269853,35788.09173087084
-41.801903365242254,-0.006566852574040283,35791.6099051177
138.16224755107785,0.37014095419977905,35776.99282427968
155.11574320339707,2.4480555706633513,35776.20679329072
113.3501355202954,0.1399630579079524,36108.35460042881
-47.71464106555834,-1.0363583421240805,35786.50464574818
-61.84313897404377,-1.2278584370785708,36107.45253421301
94.38016873039258,3.374194649222467,35782.374167527305
-94.75893620789702,-0.012347834000815463,35782.29000972039
-18.984654152588348,-0.013418426139440387,35790.42555637314
-132.4051357452051,0.7497223884393119,36111.455327541684
61.15562409763687,-0.026462468170217218,35800.87007367634
104.11241514551777,-0.04691791071451696,35779.71569193947
56.929377796515745,6.297996780571263,35885.173898306515
-136.75262567520429,0.023982866150103792,35779.575116107924
110.3377312523995,-0.03030737648854439,35786.54124811805
152.8958653993276,0.09809117569505624,35767.010737664765
-21.805506155882313,-0.01793683087714776,35798.34012391796
79.15645046739826,-0.07429195713838241,36082.06775373657
163.10042951661828,7.04217600075848,36064.646739469004
-7.802836023173938,-0.0008210972893892866,35797.281032193234
104.16272534580781,0.04837051698029523,35789.56613465625
-140.80999594833372,0.0065114675798176955,35779.24759160501
85.93724635920647,-0.02634083016702445,35785.49366423092
-155.7550920559323,0.008144149971420002,35777.04642481506
-26.117873532942326,-7.529046233301137,35852.421598177425
-10.009097956563096,0.019142243197873877,35798.54741996029
-108.7729628802465,0.023213983262112704,35781.0989413658
-24.082602706537955,0.03920799419479077,35786.749348097735
117.14290914951113,-0.012000410940627006,35793.59878136946
-19.98208123815175,0.0054155783284850125,35792.29954314491
8.202308299135101,-0.024369731179241065,35796.639206414715
80.69976089198468,-0.06810501115617343,35937.11124240275
-153.06137679860285,1.7741870192121965,36131.093065186156
102.86332807179966,3.856791696564388,36337.2746090954
176.67307658337734,1.5747126043404271,35766.486645764846
-173.5934865700956,1.6172848419428938,35770.27242014887
-27.543627812654222,0.011884385233676903,35792.14674031425
110.34446015859403,-0.013744074050697273,35792.710601133826
0.2071413119971575,0.012700157475251784,35799.22125513737
-173.594009114175,4.0133502468359605,35795.522711156176
-153.284799598602,0.01932686996609234,35774.22582709908
-11.59706475791171,-6.536212954993834e-05,35786.643465817855
-3.761507315913832,5.7700272878162156e-06,35786.47916704809
-158.95986159248963,0.015111680377142205,35768.523098517166
29.109833962751512,-1.8529323310861978,36077.58701348107
-116.76617214062773,0.01032916184040388,35779.213594489105
48.18410635546382,-0.0418154526703105,35792.083032838724
97.16297115251206,-0.022576868091775715,35788.34042778222
26.181824938649093,-0.28197068280716314,35800.03850482192
116.25444931349769,0.5225565680651005,35778.70080137729
95.98057219292409,-0.004894682866586323,35785.09402172776
13.030209768293599,-4.14979443495378,36029.58527702283
-91.63615937576975,-5.825808735175059,36177.71944523424
176.0090069514536,0.0016185647532165265,35777.49062009047
-170.2740911698224,-0.20297526811871378,35778.76963788419
80.26252691403539,-0.04946858380366972,35786.41924922402
90.42109622023115,-0.03339970652883144,35788.217826227345
87.89665991435804,1.4965774374400136,35764.60484599422
108.80809962119942,21.358017523233634,35743.40593278065
-7.978367494965028,-0.0007679979874330327,35786.30113331282
-1.642630871815527,-0.7737737475488332,35796.4409138097
-136.84214421554444,0.004539407935362893,35778.643477606565
21.180447562873447,-0.05191424143901716,35794.666195505706
171.17432649164084,4.752744465173279,35891.60924473376
87.0573530667783,-0.028037829287641612,35782.71311286808
-31.79728131751517,0.02602391126175825,35796.51970432328
-176.5618903774029,-0.011393648253929496,35770.04198414714
73.35340226725715,0.04171268116303596,35790.588984257825
133.17495976990267,0.03876483710889083,35769.90681324011
166.9211132103631,5.872364987152656,35763.979266799266
154.75565613392493,6.642914760945359,35920.52784324705
59.6674561664793,-0.02463876274250476,35791.50060753091
117.16932561081471,0.04803570538113718,35781.98299629261
-18.7966875329343,-0.01687013803419414,35796.49244849917
-124.83408132140019,0.017888703842575404,35780.3058672677
-33.678563079345906,-0.014175416743095918,35793.71646118174
-6.80178463585861,-0.6726092789608953,35798.71928290452
9.197827843430414,-0.023460295945562076,35794.61851331258
-5.792771772337005,-0.011833175732948186,35798.444398331616
122.59724217597604,0.8871162852168543,36127.37143839515
110.34427735191422,-0.017976541170768193,35771.96344501367
-37.622773449834995,0.010654555159802256,35793.56413150037
168.26715332983005,6.519494962789783,35880.30540672679
104.15857087393043,0.025157280329201427,35775.91331906357
78.64143265384071,-0.09719329055731019,35789.36625815312
177.8486362518413,4.478705109405319,35796.15244813089
80.19229929600782,-0.011182918631827075,35787.147281630576
34.76633975298308,-2.1976206003547225,36073.57981688872
-85.71577020237936,0.004276766327914106,35785.72879420589
124.2487088206025,0.03671170454459123,35775.469746881216
53.59669971616401,-0.017512606995912255,35790.15644369292
-109.4608142701764,-3.8945175819372215,35962.357778405545
128.53105235118346,8.672211761544657,35862.919278197514
101.12362436551773,0.041485354739681096,35780.11341968004
148.7258979165835,0.00307916921546908,35786.331670899046
-160.5672394751182,0.07020256048286291,35778.85630961638
-177.3025539664531,-0.0036682411407733093,35773.519119427096
-12.926123480019498,0.3441507205027241,35840.08243147209
5.056241983506863,0.017250521362647264,35782.198806206856
-19.770655450422908,-1.8571514681910812,35797.09159564245
-168.29652105358753,-0.028274980587243946,35779.80351029224
-108.81100216480652,0.034944735415625004,35830.23423239124
-112.81456953393004,0.011134079719992244,35782.02869496858
18.4971021477214,-0.027081736346118532,35798.74542042788
30.161967661606663,-0.0476844068390397,35800.78765242301
154.21146379690444,0.04969567585466532,35774.40222468239
148.17244959674545,0.011343892493704972,35776.78936991162
90.33451210522828,-0.02936279082562995,35786.62321168029
46.18781156918784,-0.011559673782163068,35794.05681919391
127.04973503920031,0.02965087059300278,35773.849627944175
176.3300846397237,0.011544660596070995,35777.68303220872
-30.640545398456254,-0.023738781036269613,35777.94645851421
-11.558416392770596,0.0067536403435274695,35787.37678968972
-128.36387634015185,-0.6223822385835533,35791.0610319076
176.17767045578563,-0.07609882391618134,35775.69160504646
-13.838430692752468,-28.653569331866635,35793.43554706235
14.969070699123412,-0.02422938199715537,35795.02347559973
-36.57080673107157,0.33871876224375735,35792.37884783906
-27.685282327453308,0.023022668355099012,35797.104223776136
-9.804128357518891,0.013700279580583709,35795.968392728646
114.65330946329685,0.03555934232492945,35778.6440123965
104.39068383780952,-0.015119023575163879,35787.527398140504
170.9144150530532,1.5310926642010312,35783.31454245054
117.13163731448844,-0.013100446996643719,35772.68733199805
-140.62481918069767,0.3567183355621142,35783.51482235221
121.62444207260522,0.03420312110506207,35776.731511759586
29.537786915679295,-0.025370413017097297,35792.33200985867
-173.54608185818296,25.182640392073925,35871.550008000464
84.12518472655657,-0.061789056745885425,35781.52118258912
94.01420707109364,-0.02918494176989242,35791.71105631915
95.17467923520437,1.1063807601056055,35766.29261974712
-143.70796500068664,0.009725328052771444,35784.642669000714
6.107061491599481,0.005303773877064425,35787.148391896146
-158.97069342813901,-0.029113789465830157,35779.17738246364
-108.85577772771109,-0.5036234478917496,35782.823371074344
-10.12103209936356,-0.7602918400645379,35801.3788551172
-142.34301633895464,1.3543508265761657,35777.08837720521
-59.890659238821286,-0.7835183358150866,35688.71737736933
157.14968576229995,-0.0013125541158362454,35776.00219582708
-154.34120863711442,-49.70424420431847,35803.80374731041
100.17790630534046,-0.0524487558601405,35772.394594910955
61.13172062860776,-0.048527796066223254,35791.6582488136
-152.79252814325943,0.028924002629563954,35778.425693215366
105.16679218528786,4.240586053940366,35751.999853608904
-149.72788477046308,23.511445617002828,35714.66570104772
123.99784896056005,-0.024934499702230786,35782.16812836851
143.69381881085943,-0.026492305385585276,35785.37244263495
157.38974534413737,0.5926984834046792,35776.44960467409
28.203764463042738,-0.03232717217995879,35787.4348333526
146.20136835173025,0.011565497885979114,35788.327306979925
179.1848278020719,0.016479563160607606,35777.84771212088
-158.25113899667275,-0.006814378866736167,35768.682200908246
-97.58179665923632,-0.8319325071703821,35792.79035536664
139.20375358752858,0.588566595162928,35760.896491301486
-11.796345928262951,-0.023222107195133464,35797.59934846291
177.67553446702783,-0.03597724194551093,35781.818696676295
178.88586711503015,13.37677857366186,36096.29475074486
110.35741541828119,-0.0054089756287852096,35780.921808366555
-158.87427646583538,0.025632571795715986,35786.94361201108
129.18231874182632,-0.014021860299353088,35787.04920059593
-138.97068305466107,-0.01712106614942878,35782.03599558933
41.5228597131707,-0.7953410930605703,35811.003993825325
4.1947650115071164,-0.0258218927748902,35797.20781566961
111.11406904458796,0.03645685953722803,35773.79659907353
83.82882892154785,0.036501508146850076,35789.40328881926
14.1954216366369,-0.021169337415010293,35797.59924131261
-88.78941111389304,0.020837639069895775,35786.17191273192
107.12895494447253,0.04640566299424551,35780.34045458729
-23.8926034952176,0.02338656510618218,35793.22290086623
-163.2800032695347,0.022679122407673287,35782.22228192433
-173.5006798800098,-50.69897953453326,35589.10562042781
112.12591302608953,3.372566779020788,35758.64788452237
-101.79738286808737,0.9963953074977527,35791.730133036705
133.69888855905006,-0.02199553019431973,35780.752272593265
-156.75583955956694,2.3014573394554847,35787.673437896396
179.60613477063416,0.000544960437489083,35786.00631884175
133.62641306277183,4.856647876501367,36035.937407005236
69.16655995561223,-0.013127662434535756,35790.592601572025
149.90163240697322,1.7710694436670702,35793.25209575732
-9.034967465373654,-0.9819985534483041,35586.53120871131
163.2729745678585,-0.004938389381239286,35774.14269055167
115.06713164486833,4.07895796255043,35773.176145703175
-169.69889070042524,3.6179832148881736,35851.6708071204
167.68831592221005,0.015130401372777566,35776.75379434006
138.7943964311582,-0.010165113709254978,35785.69032759194
11.039511059910508,-1.631113363636234,35886.908373568745
-144.80903564916105,0.0010409939530405877,35777.48830946811
-136.96844516319044,0.024959170243491497,35780.67397727067
0.10217435086261016,-0.02780820752641397,35795.215942144605
-170.562847827909,-0.0014485378080957205,35788.172728886035
-102.76502143709558,0.03042391325292805,35781.59183340488
-15.92659018510875,0.005439310076720665,35795.27584354712
100.52622614391831,1.2265878022746721,35786.70622782885
96.1575024050225,-0.01953841661296183,35785.02645744932
-173.0140669880704,-2.787501516379967,35693.84879179309
111.59845606616256,0.6356087386550933,35779.01269272906
159.68468837082247,-0.005155928321110839,35776.29232913966
122.2191683533138,-0.020810266355051767,35781.78757001238
33.189011061117945,-0.008505992942385165,35795.65234318851
119.33065829564265,-0.07335442071614795,35783.760501701654
174.1795522104693,0.0036990586270776,35778.73649647231
38.18351466417502,-0.012039812476635804,35792.02890515417
175.28329061397716,1.3176554058985714,35824.36999346796
74.72374847248935,2.538524695012038,35781.466602851106
-85.87490958925014,0.04442391081903493,35788.5279191271
16.203581577089977,-0.05430610558162727,35796.57050332661
112.75562702890568,0.04619183792002221,35780.56247379482
29.68393262222252,-0.02155163755887278,35792.934826042816
178.7082486232688,0.019311944149803813,35773.72980602774
161.63808681129856,-0.02126966339457448,35761.22766010932
146.07850065013693,-0.004504194302097997,35778.01266688054
143.89037693473352,0.02857861474022331,35773.39742418576
-23.576013920192565,-0.005840375116769385,35794.70693371295
-83.1343878600369,-2.4646673826691563,35801.415951791554
30.19942191739183,-0.020780161236340987,35808.43212458661
137.1596380859138,0.0001730597366367423,35782.640867132985
111.87992332574983,1.653224372907568,35781.32318296624
-25.5897363672903,-0.019398489102763265,35796.67734323511
-16.09127556530808,-0.003704397378090431,35797.84212747177
-170.9652058021379,-0.028474659005112136,35784.48858410556
98.19962053827572,0.0422399925927126,35789.74780316325
38.702036314925195,-0.025751865203283843,35787.824930933006
50.67019780242072,-0.004911712583018586,35792.883255615634
142.64529795545127,29.42849712064713,35816.93545921458
-85.21149650233076,-2.5405079441016665,35799.207976700956
116.02292261569333,2.4138500064852875,35783.80367940437
173.28192438451546,-0.019183720895890363,35780.613770644384
-44.0298560434145,0.026836315605876546,35785.423268392246
116.63416219751144,-0.0006055545697790989,35783.127680760015
165.11217697081207,0.020682622081240155,35776.72558007061
156.19134747863583,-0.03634312356635232,35781.09184270563
-63.34867149952885,-0.9975689146886557,35672.24569959461
119.6572971675654,0.03436406032798071,35781.60691152155
-24.96965817381954,0.04322689341172351,35785.973714674226
126.17454312190381,1.1150519968855572,35782.02349192623
-173.78718895064094,-0.014629361843472102,35780.516914203836
153.782802037109,-0.018375190953034845,35787.01347055387
3.9909744825906532,0.01709490621187748,35794.61439239725
-128.79540966353034,0.004501412041102034,35787.06803291035
165.15516812097837,-0.00662938719807141,35773.14003835022
169.73494680902567,0.05989282412089859,35768.59314642757
50.2351388544973,4.0187860637577515,35792.09484306162
166.1234475227429,0.02190420987110334,35774.81495223725
128.97856888360758,-0.02762438184231187,35783.26715888818
133.14976912622538,-0.05315236869187795,35785.20436373976
147.2068867859833,-0.01246135254771787,35785.625555652034
-128.97173682608675,0.006187949497650834,35783.63995485352
17.189832099900787,-0.09959689291301238,35798.425721952095
122.67116361402388,0.016744899008402633,35778.43780718338
143.7427907168698,-27.17074630248511,35747.201130236564
6.424463658394198,7.590374754075464,35778.760264433826
-174.08293627019825,0.6864596545056836,35776.09098653774
149.74072013992998,-0.01613403449970691,35781.37165060347
94.2242866329092,0.03921298376477775,35783.371730447354
118.36659418072287,0.11996214619190024,35983.31065198929
87.29468617510175,-0.03117752423160803,35785.067847165374
-148.9238630261827,0.02913127290562523,35783.89365428844
-112.75401175484703,0.015297788612683641,35780.10292363053
-177.31211063697052,0.020898519502878486,35783.60636160133
150.8590378884639,-0.03966891052907346,35753.4121832985
-128.14689603317422,0.035502626612291914,35780.929567781415
174.3335445041971,1.719191562700318,35716.98203242767
-3.8770309870075153,0.008720242607639605,35782.14866460567
19.388054434556587,0.004796958796178314,35792.355275044516
144.27182045931664,-0.026503341844438012,35780.941046813896
146.28910965177937,-0.024486700350383566,35769.95742110138
-8.019291816881037,-0.017520402258975092,35782.74230471833
-178.85783701410622,0.0024300444659157224,35785.03543952698
119.376108328965,-0.00456949887393279,35779.91871342104
-169.08234506662285,1.2096784450851246,35794.88266161569
-133.15092306029157,1.630584856120089,35820.14434440033
74.95588473383243,2.5169095558253,35807.505641181466
36.2062589745698,-0.019775806765558044,35785.62287106818
88.19110580834727,-0.02695782880625944,35775.80403707869
-23.70560646243507,-0.00028378455631158684,35786.1999278905
131.15459224028734,-0.018506675518459144,35780.60368060142
-153.1230398786241,-23.27919935494953,35827.32176159283
170.30474818823222,-43.18749097809457,35690.280973073764
90.52165719917217,-0.033714304140736236,35785.65080768883
143.1845485721484,0.003538066634823936,35775.77289387079
-11.636200383058167,-0.008862335525304913,35782.47968546692
12.397269503978448,-0.02368699759709482,35794.942889088656
91.62328118271746,-0.09228253288465618,35783.08903477516
21.17299464958771,0.0030440271209758265,35790.079064566606
-93.81079496491344,0.028335919207151564,35786.22291465825
35.70518650454666,0.010560873535220628,35782.71250433206
83.16923056087164,0.043057929100054466,35778.69812587361
173.69696448928005,0.03143505904055322,35768.174413671615
-89.2138229104313,0.021125233366117584,35786.321307557475
166.18928410203256,-0.016914429800162972,35999.31394716151
-113.83072819580943,0.008831702364575748,35789.198974072475
77.19901378266334,-0.01001040000446251,35789.678213594016
159.70541929883794,-4.330898332188106,35829.15818386392
-167.99161223397383,-50.904775245080124,35783.48576660747
-128.54097524409235,0.011123856274136524,35781.90106619653
10.188842204270939,0.007375706751852162,35792.93955058893
-21.97496693647804,1.294833630647368,35796.649599248194
-126.75308266527486,0.02554989718578242,35785.34788968804
141.15673098469824,-0.024566412434819822,35779.89023948082
-165.37367926498814,0.024167395138395702,35787.17987110717
-175.293196375336,0.035171086167654866,35777.27222277022
117.114249221582,-0.05686043913614201,35790.29082438912
-140.2678718278129,-0.012204848332981934,35781.952386228484
76.19324067729923,-0.04201572007177004,35788.695600184794
172.64577043877557,2.7339452597456524,35779.11685820942
76.6687729296509,-0.12809979293400733,35788.59954406374
171.41757165863118,0.039773901909611574,35775.49951656167
127.27539366199706,-0.02705029831182401,35781.8476663029
-163.10555791011447,-0.05239095149674791,35770.10139599505
142.68806719505014,0.031575495520538475,35779.210746586476
-153.38272497232683,23.385131853921763,35727.59004397269
87.7039795538249,0.3434506657471834,35644.28087476728
100.14950236786953,0.0224701251952713,35802.1958779887
-160.49683090963524,-0.015681713083427463,35785.11154229358
25.995962509946736,0.016375261616756842,35792.20168639176
123.90818152254991,-1.3495320824396173,35839.21510844705
-159.88132765136368,32.20559051916754,35718.67259932752
-139.29723593967512,1.5180001143643813,35786.74729797853
-114.77826184738052,0.031240706037757988,35782.30899336156
169.7129390862645,0.08500851256787241,35782.078792674685
-3.8738783774379044,0.0033603876887813976,35793.5823361588
-158.2114638439291,1.127631927035475,35807.88953711862
165.91893944779562,-0.003428920251734814,35785.77995940802
-25.821614206334573,2.0466073734854706e-05,35787.23481006643
-118.27501305003076,0.014479395066049608,35781.687381969175
29.8074450338127,-0.029631325144498618,35792.63338145623
-167.43983450175187,-1.4702136218916624,35778.35570807615
-124.86426692405524,0.03340021957260444,35790.198831137204
119.00711513290527,-0.031565697482541635,35827.229591271025
177.68542865212146,1.2006437755540458,35802.71930136717
159.7179274687258,-0.020802667449228953,35794.64306230115
151.1942975896342,-0.022016274074038434,35777.55131606343
165.06148489287014,0.08675321933790804,35782.8920502355
165.19069552695174,0.05712031987706285,35789.60077270177
-123.98966688706284,0.01415815945569753,35782.94991200417
-128.04423339556686,0.032308339239838675,35784.610162690486
-151.24008858825042,1.091709598545144,35783.31931513161
16.003288135596033,-0.09521729617422621,35789.66631840356
-91.93055476753676,0.039983580782220786,35879.18972949689
-118.991761961901,0.034719180209345515,35786.69966244282
-164.07699233349945,-0.2090614031971178,35802.15337942501
-5.88113680297613,-0.007885163286549647,35794.44726495898
-158.74242903455496,0.021690683883230342,35780.654031507365
7.16631316498936,-0.03117601604670438,35791.979067908425
157.65971399459622,-0.26611976224154604,35764.8646139062
-68.16369399380795,-0.5205201987338407,35789.65976826323
55.18493125450237,0.00820443769563084,35788.36056729041
-150.78347583937938,0.01045652008851589,35777.32100093171
47.987683120902474,-0.040164787411294665,35786.000568290554
23.253697222823785,-0.025811646687170328,35794.44692232667
79.13171050086076,-0.04277960933929651,35787.529799071606
24.293102448584058,0.0003751214450272668,35795.908320314025
-158.29859392051202,0.022787879299415052,35757.72958918209
-152.8973954066692,0.02157974911706156,35779.652036566804
16.32402472004193,-0.019092541872190737,35794.53634926709
-171.4949478568408,0.06487269271650391,35777.04237246373
147.65020248120734,-0.02665740141908352,35787.075420829584
-37.93489795029086,-0.0044858333986674435,35786.40761260151
21.299863057597243,0.008973418765736135,35786.27109930438
-96.80168453885994,0.04111070119894468,35785.40914940594
139.07097926185702,0.022681263554284074,35770.353528444975
101.49524808187108,1.3645301589240506,35783.966268670796
152.01533079729336,0.5166180248275354,35927.064737708504
93.05273539787959,-0.021222205236440743,35784.84547629357
130.19747083575962,0.04855936179377289,35782.78983153604
-175.34560331809595,0.06410779682319905,35774.15986106194
56.68305505037466,-0.02960929531274127,35791.03270764268
136.1929989098275,-0.01265002763177214,35786.28948971648
79.75627879998603,4.187735944462345,35722.291461488894
-141.7400059757576,0.06982873183760537,35775.599895829015
30.20085182019538,0.015637754215068966,35796.043375076
-146.6792790762332,0.021478399970754018,35777.84437708865
73.17245725701699,-0.04291997328915579,35791.00624268138
-158.9639703650847,0.03236693765926855,35786.540797539055
-13.739214420121641,0.039947067741200326,35796.39500603225
-155.6318892784457,0.023964984293573535,35779.917479413205
66.37130132094472,-0.04081271339776922,35789.16918977454
48.75726223639837,-1.396957226441881,36097.226044978204
-129.7458257218264,-3.898476273735719,35780.00597462074
71.09275207129599,-0.01738883622495205,35788.83952543467
43.69715721982641,-0.008148253400271845,35789.61369462521
-46.01483231322811,0.0412728939843099,35786.32739391951
61.1719347797619,-0.01815231488820106,35788.20727409766
-106.78309845561034,0.032019302145558204,35784.84331883142
57.62943024925339,-0.04901702957576916,35793.075103702315
142.44017763126928,24.080927197852112,35830.10630753737
148.18667227995294,0.7539411804012729,35813.84415574006
-134.7093947047721,0.02411853743175775,35783.443109189364
-179.49178684317184,-0.4959556393977159,36124.12409829439
-140.74454943413056,0.0323038893605564,35785.659116939496
-134.85982678095672,0.024722391727697048,35776.32984584646
-149.69268095474646,0.030844293341451463,35777.732286097074
-173.82281230150156,0.024996332290168972,35780.29366957138
170.1408322259847,0.4853276104614244,35771.80266005937
38.86165248408136,-0.406669681257834,35572.25479449745
-170.33051014860797,29.888734305929443,35955.90306745034
28.16319225085912,-0.020323380481472156,35793.393665411866
-160.78839327334595,0.005438939743083746,35779.39194486236
-130.77920809652716,0.02662724651500166,35780.594295588155
136.27067226586894,-0.027364927875975515,35783.484639032176
-99.79631480672214,-0.00523842806652437,35781.742568870424
143.3309161877555,0.37267442423640335,35942.369523187685
23.599355218852597,2.9042150019419046,35796.46820416763
-128.79764314893495,0.4859098942263162,35766.496788060096
146.25332695597817,0.037484388714323136,35780.61227695738
116.9685221787456,-0.02393567266956776,35786.35604567729
-140.54267258461942,-0.0024377695647015596,35778.44259392435
165.25487976398244,-0.035241594964413286,35769.87359935432
153.94684388347304,0.03002134500877673,35778.85046560263
161.1989153907592,0.00308267619897575,35784.03398751587
154.03783699329168,-0.03695416963781015,35835.538605349924
150.35748274730372,-0.04490255586268162,35762.369324569
-138.8003072826305,0.0063444373516154074,35789.58482386646
130.18277343238688,0.001615237129301505,35762.577361532494
139.0398033366577,-0.02112790958266766,35782.900165175655
-122.80822377688102,0.04373489869274531,35782.352426168516
-52.354268403732135,-1.631843104525797,36065.69417485256
-138.8741321647449,0.003425439742169111,35776.46903833969
151.5054363451187,-0.013107319228325406,35786.89610543436
171.44672926218493,-0.8594260383609309,35665.54360239008
121.63742379696956,-0.008153857821203722,35788.6092623174
-144.36376187660167,11.954583891567056,35691.57126030834
-124.21696892184264,-0.1317283163895008,35765.25958276401
140.19125741531246,-0.010756292976776804,35779.350337172655
-9.635871776650504,0.01548353571763854,35786.04389920674
98.14009642986787,-0.04127159571334582,35781.40495660465
-165.20218696039885,37.82835051571701,35846.89477301682
103.19388184517521,-0.02622188899196336,35788.141822768775
122.3540846387639,-0.07010328282305521,35783.85771779902
153.1502805066428,-0.01966576725569124,35788.75894670104
108.17789186778195,-0.02463417430513023,35783.928600687424
145.69030826741044,-2.6541890868909195,35772.04145726576
-105.5017979858857,-12.657154900610262,35684.05611602454
-111.56878482312604,-14.083851869552431,35758.83866972177
86.15145144139011,0.03962870165014328,35769.522228167596
63.701215243028194,-0.033890193076334306,35788.46672717642
174.7372354797919,0.07936966697068645,35789.44621381946
-138.0750604573494,-55.118096475156676,35815.8081932511
126.67003311118746,0.03555630787281481,35781.200248401496
102.16692518596354,0.012056523364410862,35786.274871267145
-118.80976464067163,0.006334492943803004,35781.90860192787
167.16863783504093,-0.01377432302648603,35782.20653136399
178.76892064587435,0.5190454412072172,35774.28483845455
-161.23473288751939,-0.26140286241528454,35776.69426642997
174.21092548353846,0.03222835703452872,35782.27919016157
98.37014433734363,-0.022540844802150385,35789.60833933856
-132.8702579561122,-6.1720479784825155,35778.80900502519
-140.53375162610777,0.016455322973366597,35785.192671649354
171.21702335168442,-0.8935520343496652,35773.88992781622
-131.40764916834206,-5.897177259867336,35667.90162026315
-158.33747713773545,-2.021697678203619,35766.32395511273
-134.7883102190406,0.044076282725977196,35783.797010638395
-152.61034751557187,0.02506343646223153,35783.43258159514
-172.3328857987159,-0.003844803637356684,35786.87242410374
171.17637931096553,-0.005622091636986595,35788.227482464135
-158.9410967965437,0.07376461418795799,35776.16268475975
90.18743963928483,-0.022625224229889253,35787.46488789189
-33.78066272213897,0.027944807896876665,35794.53778222627
-150.93203390386213,-0.9272031575042184,35773.60860264333
-143.78498091971608,-4.429799565736505,35778.75780034842
-178.11266478656282,0.03040877591144684,35782.53013256991
-24.129973759827237,0.0126609675251705,35780.002549123805
174.1816479219383,0.059092117448657853,35773.32543771392
122.12809585769627,-0.0288050026515717,35787.43348325155
172.59664471375825,-4.125238490238476,35772.13020036936
-90.2992045425076,0.02407158211364867,35778.96027308446
34.516641540510115,7.640143261036155,35715.769065703535
-145.16411997908102,0.1955937397168724,35788.48950997654
5.972791830227174,-0.11460809084932551,35778.664624839126
101.7822061854103,-0.3992239957808578,35797.345127904024
21.258262160338756,-0.019840054291203117,35799.50334765397
138.86587979312992,-0.019586049701374217,35787.61592576033
-170.75145863752695,-0.17337157339678033,35785.5214984535
-122.25915832034272,-0.38514654120345815,35781.93796845027
-167.3714475790134,-0.03047724938709471,35771.00261512067
